1.0810546875
1.1611328125
1.189453125
1.210693359375
1.17529296875
1.117919921875
1.035400390625
0.969482421875
0.845703125
0.853515625
0.857666015625
0.908935546875
0.970703125
1.083740234375
1.158203125
1.214111328125
1.254638671875
1.189697265625
1.087890625
0.98828125
0.908447265625
0.9033203125
0.8896484375
0.853759765625
0.88671875
0.916748046875
1.010498046875
1.18359375
1.2099609375
1.18505859375
1.125732421875
1.014892578125
0.935791015625
0.992431640625
1.00341796875
0.92822265625
0.85546875
0.933349609375
1.0810546875
1.2275390625
1.199951171875
1.130859375
1.101318359375
1.08837890625
1.0068359375
0.895263671875
0.8525390625
0.873779296875
0.884765625
0.9248046875
0.955322265625
1.06298828125
1.1357421875
1.13232421875
1.157958984375
1.088623046875
1.07568359375
1.046875
1.0361328125
0.975830078125
0.927001953125
0.88427734375
0.929443359375
0.95068359375
1.04296875
1.01953125
1.01220703125
1.072509765625
1.1103515625
1.151611328125
1.2099609375
1.177978515625
1.107421875
1.023681640625
0.9580078125
0.89697265625
0.826416015625
0.84326171875
0.927001953125
0.93115234375
0.932861328125
0.990234375
1.114501953125
1.23388671875
1.209228515625
1.099365234375
0.765380859375
0.666015625
0.7666015625
1.087890625
1.280517578125
1.20654296875
1.0263671875
0.981689453125
1.0947265625
1.179931640625
1.1220703125
0.93212890625
0.774658203125
0.83154296875
1.02294921875
1.154541015625
1.11962890625
1.052734375
1.050048828125
0.956787109375
0.9345703125
0.948974609375
0.998291015625
1.033935546875
0.971923828125
0.91162109375
0.967529296875
1.189453125
1.4169921875
1.42529296875
1.20654296875
0.935791015625
0.755126953125
0.7080078125
0.693359375
0.6767578125
0.762451171875
0.852783203125
1.025146484375
1.136962890625
1.294189453125
1.312744140625
1.256591796875
1.201904296875
1.082763671875
1.0
0.9619140625
1.0185546875
1.033447265625
1.034423828125
0.979248046875
0.849365234375
0.78662109375
0.796875
0.89208984375
1.00341796875
1.115478515625
1.138427734375
1.125244140625
1.124267578125
1.040771484375
1.080810546875
1.09375
1.097412109375
0.880126953125
0.831787109375
0.835205078125
0.929931640625
0.917236328125
0.856201171875
0.861572265625
1.075927734375
1.34375
1.482421875
1.236572265625
0.86328125
0.7900390625
0.73486328125
0.875732421875
1.103515625
1.0888671875
0.903564453125
0.87548828125
1.095947265625
1.421875
1.5390625
1.2822265625
0.915771484375
0.600341796875
0.70556640625
0.8564453125
1.06787109375
0.97802734375
0.698486328125
0.651123046875
0.78369140625
1.046142578125
1.35693359375
1.334716796875
1.107421875
0.892578125
1.005615234375
1.266357421875
1.384033203125
1.178466796875
0.91796875
0.72021484375
0.740234375
0.873291015625
0.9462890625
0.95849609375
0.739013671875
0.634033203125
0.7138671875
1.000732421875
1.37646484375
1.380615234375
1.092041015625
0.972900390625
0.9189453125
0.69091796875
0.9482421875
1.1181640625
0.7919921875
0.311767578125
0.424560546875
1.031982421875
1.419921875
1.2841796875
0.875
0.712890625
0.79345703125
1.010986328125
1.359619140625
1.18359375
0.6640625
0.66552734375
1.075439453125
1.30859375
1.02685546875
0.6025390625
0.5654296875
0.861572265625
0.98486328125
1.09423828125
1.08740234375
0.939208984375
0.7470703125
0.65576171875
0.7470703125
1.037841796875
1.204345703125
0.986328125
0.856689453125
1.083984375
1.371337890625
1.495849609375
1.14599609375
0.633544921875
0.47412109375
0.756591796875
1.01171875
0.87841796875
0.63525390625
0.466552734375
0.626708984375
1.02880859375
1.243408203125
1.198486328125
0.990234375
0.968017578125
1.045166015625
1.2236328125
1.4384765625
1.134033203125
0.902099609375
0.984619140625
1.123291015625
0.93798828125
0.572021484375
0.379150390625
0.40087890625
0.67431640625
0.927001953125
1.142822265625
1.177490234375
1.065185546875
1.006103515625
1.2255859375
1.244873046875
1.013671875
1.061279296875
1.1943359375
0.89990234375
0.5546875
0.53662109375
0.733642578125
0.786865234375
1.207763671875
1.124267578125
0.6748046875
0.549072265625
1.05615234375
1.497314453125
1.522216796875
1.231689453125
0.932861328125
0.69677734375
0.53271484375
0.587646484375
0.73828125
0.74072265625
0.591552734375
0.66455078125
0.861572265625
1.205322265625
1.2724609375
1.22705078125
1.366943359375
1.4873046875
1.361572265625
0.92626953125
0.714599609375
0.90673828125
0.9375
0.655029296875
0.47509765625
0.46533203125
1.0087890625
0.969482421875
1.421142578125
0.7578125
1.0029296875
1.0048828125
0.509521484375
0.595703125
0.787353515625
1.113037109375
1.2373046875
1.13330078125
1.316162109375
1.041259765625
1.197998046875
0.99072265625
0.07177734375
0.38525390625
1.1171875
1.3291015625
1.16064453125
0.861083984375
0.860107421875
0.76806640625
0.879150390625
1.2236328125
1.090576171875
0.64306640625
0.503173828125
0.74169921875
1.01025390625
1.112548828125
1.051513671875
0.72802734375
0.517333984375
1.112060546875
1.88818359375
1.89013671875
1.044921875
0.609375
0.560791015625
0.69384765625
0.827392578125
0.73876953125
0.471923828125
0.387451171875
0.784912109375
1.141845703125
1.214599609375
1.236572265625
1.435302734375
1.32177734375
0.891845703125
0.927734375
1.058837890625
0.89990234375
0.9326171875
0.8955078125
0.87646484375
0.714599609375
0.40087890625
0.535888671875
0.861083984375
0.9169921875
0.867431640625
1.193359375
1.444091796875
1.4208984375
0.7529296875
0.736328125
1.432861328125
1.47265625
0.751220703125
0.15966796875
0.38916015625
0.6728515625
1.197021484375
1.18896484375
1.033447265625
1.193359375
1.354248046875
0.924560546875
0.655029296875
0.731689453125
0.8935546875
1.038330078125
1.26025390625
1.138671875
0.38720703125
0.42333984375
1.096435546875
1.37548828125
0.81005859375
0.5859375
1.097900390625
1.46728515625
0.832763671875
0.822265625
1.152099609375
1.17041015625
0.73291015625
0.380615234375
0.617431640625
0.9404296875
0.795654296875
0.585205078125
0.77490234375
1.2314453125
1.65869140625
1.649169921875
1.112548828125
0.73779296875
0.606689453125
0.820556640625
1.15234375
1.1484375
1.111572265625
0.589599609375
0.127197265625
0.5498046875
1.27880859375
1.442626953125
0.96875
0.81103515625
0.57568359375
0.559814453125
1.511962890625
1.830078125
1.310302734375
0.537353515625
0.35205078125
0.80517578125
1.013427734375
0.825439453125
0.713623046875
0.945068359375
1.2265625
1.228515625
0.97412109375
0.8330078125
0.76171875
0.932861328125
1.213623046875
1.124267578125
0.818359375
0.53955078125
0.38037109375
0.630126953125
1.363037109375
1.665771484375
1.54248046875
1.0302734375
-0.1259765625
1.104736328125
0.809326171875
1.16845703125
1.189208984375
1.037353515625
0.56396484375
0.71142578125
0.830810546875
0.93017578125
0.74169921875
0.825439453125
0.98486328125
0.992431640625
1.14697265625
1.174072265625
1.25244140625
1.19873046875
1.08984375
0.551025390625
0.67822265625
0.58642578125
0.66845703125
0.8447265625
1.02734375
1.114990234375
1.214111328125
0.846435546875
0.282958984375
0.485595703125
1.352783203125
1.361328125
1.467529296875
1.0361328125
0.691162109375
0.77880859375
0.84326171875
0.640625
0.495849609375
0.782470703125
1.133056640625
1.1279296875
1.073974609375
1.060546875
1.34912109375
1.7080078125
1.141845703125
1.09814453125
0.85986328125
0.822021484375
0.695556640625
0.71630859375
0.7314453125
0.681396484375
0.82568359375
0.71875
1.031982421875
0.792236328125
1.06689453125
1.14111328125
1.123046875
1.083740234375
1.03515625
0.869873046875
0.867919921875
0.833984375
0.827392578125
0.758056640625
0.818115234375
0.732666015625
0.864013671875
1.0
1.58447265625
1.99993896484375
1.18603515625
0.45263671875
0.550048828125
0.6005859375
0.552978515625
1.09814453125
1.0263671875
0.91162109375
0.572998046875
0.43017578125
0.5361328125
1.24072265625
1.522216796875
1.441162109375
1.008056640625
0.952880859375
0.8583984375
0.823486328125
0.777099609375
0.858642578125
0.92138671875
0.59912109375
0.72705078125
1.03271484375
0.94921875
1.09765625
1.48974609375
1.220947265625
0.804443359375
0.486572265625
0.50244140625
0.85791015625
1.450439453125
1.248291015625
0.85205078125
0.63916015625
0.419921875
0.610595703125
1.08203125
1.401611328125
1.268310546875
0.862060546875
0.69775390625
1.232421875
1.33984375
1.113037109375
0.501953125
0.55810546875
0.803955078125
0.4423828125
0.78564453125
1.109619140625
1.249755859375
1.377197265625
1.38525390625
1.353515625
1.344970703125
0.7373046875
0.4619140625
0.585693359375
0.738037109375
0.966796875
0.913330078125
0.64501953125
0.350341796875
0.385498046875
0.768310546875
1.129638671875
1.248779296875
1.25244140625
1.19287109375
1.32373046875
0.916015625
0.775634765625
1.098876953125
0.641357421875
0.923095703125
0.456298828125
0.42724609375
0.750732421875
1.0537109375
1.164306640625
1.51318359375
1.222412109375
1.00927734375
0.780517578125
0.60693359375
0.536865234375
0.974609375
1.16845703125
1.048095703125
0.541748046875
0.5068359375
1.135498046875
1.341064453125
1.333984375
1.041015625
0.41455078125
0.64306640625
1.15380859375
0.913330078125
1.069580078125
0.929443359375
0.513916015625
0.415283203125
0.52783203125
1.124755859375
1.447998046875
1.4072265625
0.885498046875
1.228759765625
1.169189453125
1.54150390625
0.758056640625
0.949462890625
0.564453125
0.795654296875
0.752197265625
0.3671875
0.4755859375
0.409912109375
0.90771484375
1.020751953125
1.149658203125
0.97314453125
1.22314453125
1.497314453125
1.435791015625
1.230224609375
0.946533203125
0.533447265625
0.353759765625
0.327392578125
0.67431640625
1.218017578125
1.20849609375
0.849609375
0.88134765625
1.103759765625
1.1748046875
1.022216796875
0.801025390625
0.845947265625
0.77294921875
0.6787109375
0.4404296875
0.66455078125
1.27587890625
1.11962890625
1.281494140625
0.92041015625
0.69482421875
1.022705078125
1.408447265625
1.508056640625
1.111572265625
0.724609375
0.241943359375
0.20751953125
0.412109375
1.212158203125
1.17626953125
1.05126953125
1.074951171875
1.143310546875
1.351806640625
1.49072265625
0.978759765625
0.8173828125
0.383056640625
0.386962890625
0.5126953125
0.865478515625
1.051513671875
0.416748046875
0.414794921875
0.747802734375
1.048583984375
1.27734375
1.359619140625
1.434814453125
1.327880859375
0.60498046875
0.767822265625
0.95263671875
0.69287109375
0.501220703125
0.73291015625
0.774658203125
1.052490234375
1.037841796875
1.599365234375
1.478271484375
0.96435546875
0.508544921875
0.43115234375
0.48095703125
0.62109375
0.990966796875
1.111083984375
0.863525390625
0.724853515625
1.011474609375
1.132080078125
1.33349609375
0.83349609375
0.93896484375
1.2822265625
0.81787109375
0.83935546875
0.491455078125
0.6298828125
0.596435546875
0.597900390625
0.790283203125
0.92529296875
1.013916015625
1.35546875
1.653564453125
1.590576171875
1.134033203125
0.570068359375
0.310791015625
0.46630859375
0.670166015625
0.92919921875
0.7041015625
0.68798828125
0.623046875
0.898681640625
1.10498046875
1.02099609375
1.237548828125
1.534912109375
0.8740234375
0.6630859375
0.947998046875
1.0537109375
0.728515625
0.89794921875
0.87646484375
0.7626953125
0.877197265625
1.425048828125
1.652099609375
0.958251953125
0.3095703125
0.334716796875
0.302001953125
0.97900390625
1.419677734375
0.9677734375
0.422607421875
0.38134765625
1.153076171875
1.221435546875
1.4208984375
1.2451171875
1.364501953125
1.194091796875
0.499267578125
0.74951171875
0.7236328125
0.769775390625
0.55322265625
0.566650390625
0.5302734375
0.88134765625
1.430419921875
1.6298828125
1.696533203125
1.24365234375
0.520263671875
0.550537109375
0.629638671875
0.998779296875
1.027587890625
0.9189453125
0.66455078125
0.29443359375
0.43212890625
1.301513671875
1.2919921875
1.7158203125
0.758056640625
0.98779296875
0.93310546875
0.587646484375
1.03173828125
1.137451171875
0.995361328125
0.319580078125
0.357177734375
0.647705078125
1.632080078125
