-0.20458984375
-0.2392578125
-0.25537109375
-0.241943359375
-0.2109375
-0.13671875
-0.06103515625
-0.08251953125
-0.123046875
-0.088134765625
-0.109619140625
-0.18359375
-0.232421875
-0.265625
-0.291259765625
-0.26953125
-0.29345703125
-0.335205078125
-0.307861328125
-0.209716796875
-0.1083984375
-0.02734375
-0.027099609375
-0.103515625
-0.190673828125
-0.224609375
-0.182373046875
-0.153564453125
-0.202392578125
-0.228271484375
-0.307373046875
-0.31494140625
-0.29638671875
-0.134033203125
-0.039306640625
-0.150634765625
-0.295166015625
-0.315673828125
-0.177734375
-0.119140625
-0.238037109375
-0.357421875
-0.30224609375
-0.179931640625
-0.1181640625
-0.1484375
-0.1962890625
-0.13427734375
-0.149658203125
-0.219482421875
-0.293701171875
-0.296142578125
-0.234375
-0.231689453125
-0.287109375
-0.280517578125
-0.220703125
-0.162353515625
-0.122314453125
-0.12451171875
-0.208251953125
-0.2236328125
-0.171142578125
-0.0927734375
-0.048828125
-0.14306640625
-0.245361328125
-0.224853515625
-0.208984375
-0.218505859375
-0.248779296875
-0.275634765625
-0.2724609375
-0.269287109375
-0.206298828125
-0.0576171875
-0.1220703125
-0.180908203125
-0.142333984375
-0.228515625
-0.303955078125
-0.291259765625
-0.235595703125
-0.178955078125
-0.187744140625
-0.324951171875
-0.369140625
-0.285888671875
-0.139892578125
0.183349609375
0.144775390625
-0.255126953125
-0.509033203125
-0.427978515625
-0.20263671875
-0.119384765625
-0.158447265625
-0.26171875
-0.27587890625
-0.109619140625
-0.058837890625
-0.1552734375
-0.240234375
-0.369384765625
-0.3330078125
-0.2314453125
-0.117431640625
0.066162109375
0.119873046875
0.06494140625
-0.251708984375
-0.473388671875
-0.5029296875
-0.384033203125
-0.29296875
-0.3271484375
-0.406005859375
-0.38671875
-0.21044921875
0.063720703125
0.13720703125
-0.002685546875
-0.134765625
-0.172607421875
-0.207275390625
-0.266357421875
-0.354248046875
-0.411376953125
-0.3525390625
-0.216796875
-0.25927734375
-0.357666015625
-0.38818359375
-0.16943359375
-0.046875
0.018310546875
-0.13671875
-0.292724609375
-0.2783203125
-0.18408203125
0.01123046875
0.156005859375
0.017333984375
-0.21240234375
-0.3671875
-0.4560546875
-0.380615234375
-0.201416015625
-0.174072265625
-0.168701171875
-0.2255859375
-0.22021484375
-0.158203125
-0.05615234375
-0.199951171875
-0.3916015625
-0.413818359375
-0.1865234375
0.0390625
-0.123046875
-0.221435546875
-0.382568359375
-0.33740234375
-0.16162109375
0.090576171875
0.076904296875
-0.27978515625
-0.537353515625
-0.473876953125
-0.119873046875
0.198974609375
0.146728515625
-0.3916015625
-0.78466796875
-0.79345703125
-0.114013671875
0.186767578125
0.159423828125
-0.09033203125
-0.3330078125
-0.301513671875
-0.10302734375
-0.01220703125
-0.05078125
-0.38037109375
-0.60205078125
-0.593505859375
-0.30712890625
-0.0380859375
-0.051025390625
-0.3916015625
-0.50732421875
-0.386962890625
-0.080322265625
0.287109375
0.1083984375
-0.356201171875
-0.806884765625
-0.90576171875
-0.68505859375
-0.504150390625
-0.429931640625
-0.6083984375
-0.860595703125
-0.7001953125
-0.607421875
-0.72705078125
-0.2783203125
0.05810546875
-0.415771484375
-1.156494140625
-0.916259765625
-0.339111328125
-0.251708984375
-0.64794921875
-0.927734375
-0.720947265625
-0.360595703125
-0.093994140625
-0.190185546875
-0.770751953125
-1.40576171875
-1.120849609375
-0.261962890625
0.142333984375
-0.385498046875
-0.69140625
-0.392822265625
-0.1748046875
-0.447998046875
-0.6171875
-0.45751953125
-0.4599609375
-0.58984375
-0.63037109375
-0.35205078125
-0.0224609375
-0.035400390625
-0.69189453125
-0.92333984375
-0.633544921875
-0.2333984375
-0.167236328125
-0.631591796875
-1.072509765625
-0.85888671875
-0.13330078125
0.08642578125
-0.29833984375
-0.670166015625
-0.675537109375
-0.448974609375
-0.38916015625
-0.470703125
-0.743896484375
-0.773193359375
-0.595947265625
-0.48095703125
-0.38134765625
-0.528076171875
-0.909423828125
-0.749755859375
-0.11572265625
0.19482421875
-0.148681640625
-0.784912109375
-0.969970703125
-0.659423828125
-0.46435546875
-0.31982421875
-0.26416015625
-0.305419921875
-0.55810546875
-0.60009765625
-0.548828125
-0.888427734375
-1.03271484375
-0.5341796875
-0.138671875
-0.19873046875
-0.48046875
-0.5009765625
-0.373291015625
-0.4990234375
-0.384521484375
-0.684326171875
-1.083740234375
-1.02685546875
-0.312255859375
-0.090576171875
-0.511474609375
-0.935302734375
-0.75244140625
-0.53759765625
-0.4541015625
-0.35009765625
-0.267333984375
-0.42236328125
-0.498291015625
-0.551513671875
-0.544921875
-0.4912109375
-0.56591796875
-0.5634765625
-0.46435546875
-0.50537109375
-0.93212890625
-1.253173828125
-0.831787109375
0.0087890625
0.055908203125
-0.3955078125
-0.678955078125
-0.229248046875
0.225830078125
-0.116943359375
0.163818359375
0.02392578125
-0.234130859375
-0.33349609375
-1.51171875
-1.045166015625
-0.968505859375
-0.817138671875
-0.7666015625
-0.767822265625
-0.64404296875
-0.817626953125
-0.416015625
-0.345947265625
-1.368408203125
-0.8994140625
-0.1962890625
-0.085693359375
-0.329345703125
-0.626953125
-0.790283203125
-0.924072265625
-0.59228515625
-0.172607421875
-0.411376953125
-0.705322265625
-0.64111328125
-0.304443359375
-0.05078125
-0.36669921875
-0.709716796875
-1.041015625
-1.07958984375
-0.510498046875
0.00927734375
-0.2529296875
-0.921875
-0.943603515625
-0.55810546875
-0.15673828125
-0.198974609375
-0.62158203125
-1.004638671875
-0.68701171875
-0.028076171875
-0.045166015625
-0.521240234375
-0.606201171875
-0.453369140625
-0.780029296875
-1.083984375
-0.744140625
-0.585693359375
-0.500244140625
-0.415283203125
-0.344970703125
-0.240234375
-0.5234375
-0.69677734375
-0.33056640625
-0.14208984375
-0.586181640625
-0.96728515625
-0.65673828125
-0.24365234375
-0.546875
-1.160888671875
-0.70361328125
0.15234375
0.037841796875
-0.80859375
-1.0908203125
-0.66845703125
-0.182861328125
0.068603515625
-0.457763671875
-0.80029296875
-0.470947265625
-0.40869140625
-0.766845703125
-0.972900390625
-0.837890625
-0.57373046875
-0.15478515625
0.044921875
-0.399658203125
-0.98486328125
-0.7177734375
-0.02978515625
-0.286865234375
-1.067138671875
-1.12109375
-0.275634765625
-0.00732421875
-0.91552734375
-0.701416015625
-0.160400390625
-0.09228515625
-0.707763671875
-1.02587890625
-0.515625
0.07373046875
-0.33203125
-0.9775390625
-0.94970703125
-0.515380859375
-0.111328125
-0.310546875
-0.79541015625
-1.321533203125
-1.036865234375
-0.516845703125
-0.13720703125
-0.146484375
-0.0703125
-0.572998046875
-1.036865234375
-0.56298828125
-0.065185546875
-0.267333984375
-0.66748046875
-0.565673828125
-0.847412109375
-0.894775390625
-0.005615234375
0.259033203125
-0.559814453125
-1.419921875
-1.180419921875
-0.4453125
-0.228515625
-0.566162109375
-0.72216796875
-0.4345703125
-0.1123046875
-0.185302734375
-0.587646484375
-0.945556640625
-0.919677734375
-0.562255859375
-0.12939453125
-0.150390625
-0.509765625
-0.83349609375
-0.866943359375
-0.643310546875
-0.033203125
-0.076904296875
-0.489013671875
-0.984619140625
-0.855224609375
-0.50390625
-0.990966796875
-0.48876953125
-0.352294921875
-0.23291015625
-0.459716796875
-0.334716796875
-0.5615234375
-0.429443359375
-0.515869140625
-0.519287109375
-0.2978515625
-0.45849609375
-0.50341796875
-0.70751953125
-0.701416015625
-0.610595703125
-0.40966796875
-1.08349609375
-0.8466796875
-0.7001953125
-0.553466796875
-0.36572265625
-0.41796875
-0.23583984375
-0.159912109375
-0.79638671875
-1.124267578125
-0.770751953125
-0.19873046875
-0.347900390625
-0.571533203125
-0.770263671875
-0.6015625
-0.39892578125
-0.56689453125
-0.85693359375
-0.683349609375
-0.23583984375
-0.165283203125
-0.484619140625
-0.765625
-0.94482421875
-0.57177734375
-0.142822265625
-0.56640625
-0.539306640625
-0.609619140625
-0.499755859375
-0.387939453125
-0.38037109375
-0.4794921875
-0.50048828125
-0.36865234375
-0.57080078125
-0.224853515625
-0.56591796875
-0.63525390625
-0.73095703125
-0.75146484375
-0.52001953125
-0.421875
-0.259765625
-0.30517578125
-0.355224609375
-0.404541015625
-0.817138671875
-0.920654296875
-0.802734375
-0.75244140625
-0.72802734375
-0.2158203125
-0.04443359375
-0.711669921875
-1.014892578125
-0.761474609375
-0.81103515625
-0.771484375
-0.0380859375
-0.261474609375
-0.33251953125
-0.720703125
-0.556396484375
-0.372314453125
-0.350830078125
-0.470458984375
-0.783203125
-0.81201171875
-0.5361328125
-0.41943359375
-0.463623046875
-0.58837890625
-0.61181640625
-0.599365234375
-0.7568359375
-0.3798828125
-0.370849609375
-0.702880859375
-0.68115234375
-0.336669921875
-0.574951171875
-0.966552734375
-0.813232421875
-0.530517578125
-0.250732421875
-0.189697265625
-0.859619140625
-0.581298828125
-0.310302734375
-0.361572265625
-0.470703125
-0.599365234375
-0.591064453125
-0.85888671875
-0.873779296875
-0.830322265625
-0.164794921875
-0.316650390625
-0.592041015625
-0.79296875
-0.27783203125
-0.205810546875
-0.81103515625
-0.53125
-0.30419921875
-0.5166015625
-0.7998046875
-0.796875
-0.75439453125
-0.779296875
-0.773681640625
-0.605224609375
-0.3818359375
-0.26220703125
-0.383544921875
-0.362548828125
-0.467041015625
-0.42333984375
-0.524169921875
-0.4130859375
-0.604248046875
-0.978515625
-0.90869140625
-0.641357421875
-0.651611328125
-0.776123046875
-0.592529296875
0.027099609375
-0.54833984375
-0.60986328125
-0.676025390625
-0.404541015625
-0.270263671875
-0.5869140625
-0.736328125
-0.68798828125
-0.649169921875
-0.678955078125
-0.694580078125
-0.75732421875
-0.77880859375
-0.51123046875
-0.11083984375
-0.14013671875
-0.607666015625
-0.419189453125
-0.411376953125
-0.675048828125
-0.8779296875
-0.715087890625
-0.705322265625
-0.4443359375
-0.45361328125
-0.878662109375
-0.32861328125
-0.3837890625
-0.728759765625
-0.593505859375
-0.564208984375
-0.287841796875
-0.64794921875
-1.044677734375
-1.06396484375
-0.34375
-0.662109375
-0.70751953125
-1.33203125
-0.442626953125
-0.060302734375
0.04541015625
-0.27001953125
-0.550537109375
-0.450439453125
-0.529296875
-0.559814453125
-0.830810546875
-0.965087890625
-0.853271484375
-0.560791015625
-0.6484375
-0.70751953125
-0.605712890625
-0.3935546875
-0.5478515625
-0.555908203125
-0.54052734375
-0.578369140625
-0.282958984375
-0.53515625
-0.9111328125
-0.671875
-0.672119140625
-0.7412109375
-1.11474609375
-0.7236328125
-0.36279296875
-0.203369140625
-0.2587890625
-0.534423828125
-0.5654296875
-0.348388671875
-0.906982421875
-0.862548828125
-0.75341796875
-0.58056640625
-0.625
-0.676513671875
-0.538818359375
-0.686279296875
-0.337646484375
-0.53271484375
-0.6640625
-0.779541015625
-0.24609375
-0.62353515625
-0.8427734375
-0.657470703125
-0.732421875
-0.73779296875
-0.691162109375
-1.093017578125
-0.455078125
-0.32470703125
-0.273193359375
-0.408203125
-0.288818359375
-0.333984375
-0.75390625
-0.49853515625
-0.42578125
-0.821044921875
-1.068603515625
-1.068603515625
-0.623046875
-0.516357421875
-0.833740234375
-0.3466796875
-0.48291015625
-0.840576171875
-0.712646484375
-0.22216796875
-0.321533203125
-0.635009765625
-0.830322265625
-0.60498046875
-0.66162109375
-1.09716796875
-0.79345703125
-0.588134765625
-0.467041015625
-0.517822265625
-0.408935546875
-0.458740234375
-0.426025390625
-0.514404296875
-0.463623046875
-0.78271484375
-0.820068359375
-1.20166015625
-0.65673828125
-0.436279296875
-0.81005859375
-0.63232421875
-0.573486328125
-0.311279296875
-0.39599609375
-0.658447265625
-0.715087890625
-0.81884765625
-0.802490234375
-0.731201171875
-0.60400390625
-0.73486328125
-1.0146484375
-0.671630859375
-0.37646484375
-0.348876953125
-0.660888671875
-0.6357421875
-0.392578125
-0.01416015625
-0.3671875
-0.47314453125
-0.742431640625
-1.1943359375
-1.04541015625
-0.6806640625
-1.11962890625
-0.83203125
-0.301025390625
-0.488037109375
-0.8408203125
-0.474365234375
-0.259765625
-0.662353515625
-0.88037109375
-0.646240234375
-0.6220703125
-0.954345703125
-0.806884765625
-0.279296875
-0.444091796875
-0.352294921875
-0.34228515625
-0.959716796875
-0.43505859375
-0.39404296875
-0.469482421875
-1.04833984375
-1.074462890625
-1.020263671875
-0.4912109375
-0.819580078125
-1.119384765625
-0.473876953125
-0.381103515625
-0.329833984375
-0.39404296875
-0.42138671875
-0.439453125
-0.6494140625
-0.94189453125
-0.928955078125
-0.631103515625
-0.862060546875
-1.068359375
-0.71826171875
-0.43798828125
-0.37841796875
-0.41162109375
-0.134521484375
-0.26708984375
-0.41162109375
-0.76611328125
-0.803955078125
-0.902099609375
-0.8056640625
-1.032958984375
-0.422119140625
-0.6875
-0.91748046875
-0.1943359375
-0.304931640625
-0.61328125
-0.902587890625
-0.57177734375
-0.613037109375
-0.536865234375
