-0.24560546875
-0.240966796875
-0.22119140625
-0.181396484375
-0.139892578125
-0.122314453125
-0.131591796875
-0.11279296875
-0.1259765625
-0.151123046875
-0.20068359375
-0.219970703125
-0.272216796875
-0.31005859375
-0.35107421875
-0.3642578125
-0.3388671875
-0.29443359375
-0.2783203125
-0.2041015625
-0.16748046875
-0.131103515625
-0.14306640625
-0.12548828125
-0.133544921875
-0.17529296875
-0.236572265625
-0.263916015625
-0.328125
-0.29833984375
-0.2734375
-0.29052734375
-0.2919921875
-0.275146484375
-0.2646484375
-0.24560546875
-0.223876953125
-0.23193359375
-0.259765625
-0.273681640625
-0.228271484375
-0.256591796875
-0.25634765625
-0.237548828125
-0.194091796875
-0.20263671875
-0.17578125
-0.171875
-0.198974609375
-0.233154296875
-0.28125
-0.28369140625
-0.3349609375
-0.369873046875
-0.28662109375
-0.301513671875
-0.28369140625
-0.303955078125
-0.23876953125
-0.263671875
-0.177734375
-0.167724609375
-0.184814453125
-0.218017578125
-0.243896484375
-0.277099609375
-0.26904296875
-0.267333984375
-0.321044921875
-0.33203125
-0.341796875
-0.275390625
-0.226318359375
-0.190673828125
-0.131103515625
-0.11328125
-0.205078125
-0.2109375
-0.20263671875
-0.263427734375
-0.267822265625
-0.320556640625
-0.411376953125
-0.4013671875
-0.399169921875
-0.236083984375
-0.09130859375
-0.091796875
-0.23095703125
-0.332763671875
-0.3603515625
-0.32568359375
-0.234375
-0.23291015625
-0.307373046875
-0.3251953125
-0.3271484375
-0.272216796875
-0.23291015625
-0.264892578125
-0.2568359375
-0.31298828125
-0.342529296875
-0.27978515625
-0.2255859375
-0.208251953125
-0.252197265625
-0.342041015625
-0.37890625
-0.319091796875
-0.246337890625
-0.205078125
-0.2880859375
-0.34423828125
-0.379638671875
-0.3837890625
-0.28955078125
-0.13623046875
-0.0849609375
-0.073974609375
-0.127197265625
-0.191650390625
-0.265380859375
-0.290771484375
-0.31787109375
-0.406005859375
-0.379150390625
-0.43408203125
-0.46533203125
-0.301025390625
-0.224365234375
-0.23291015625
-0.2841796875
-0.30908203125
-0.27392578125
-0.29736328125
-0.23779296875
-0.185546875
-0.17822265625
-0.2099609375
-0.25830078125
-0.374267578125
-0.40625
-0.35595703125
-0.257080078125
-0.16650390625
-0.2080078125
-0.2412109375
-0.232666015625
-0.24609375
-0.222900390625
-0.166015625
-0.123779296875
-0.245361328125
-0.251953125
-0.248046875
-0.358154296875
-0.49755859375
-0.54248046875
-0.396484375
-0.361328125
-0.221923828125
-0.2197265625
-0.190185546875
-0.300048828125
-0.401611328125
-0.3583984375
-0.25634765625
-0.234619140625
-0.409423828125
-0.458984375
-0.471435546875
-0.3583984375
-0.115234375
0.021240234375
-0.190673828125
-0.30322265625
-0.320556640625
-0.300537109375
-0.154052734375
-0.052734375
-0.11083984375
-0.417236328125
-0.512451171875
-0.431640625
-0.363037109375
-0.265869140625
-0.270751953125
-0.468505859375
-0.58349609375
-0.43115234375
-0.36328125
-0.066650390625
0.001220703125
-0.21484375
-0.36181640625
-0.032470703125
0.095458984375
-0.06591796875
-0.256103515625
-0.287109375
-0.309814453125
-0.459716796875
-0.18212890625
-0.11279296875
-0.1357421875
-0.162353515625
-0.3818359375
-0.41259765625
-0.11279296875
0.107177734375
-0.098388671875
-0.411376953125
-0.471435546875
-0.31298828125
-0.17822265625
-0.0791015625
-0.160400390625
-0.43994140625
-0.454833984375
-0.21435546875
0.056884765625
0.0244140625
-0.113525390625
-0.396484375
-0.2431640625
-0.10986328125
-0.17529296875
-0.271728515625
-0.33544921875
-0.326904296875
-0.2451171875
-0.133056640625
-0.0390625
-0.124267578125
-0.24755859375
-0.2724609375
-0.25146484375
-0.21484375
-0.147216796875
-0.351318359375
-0.55517578125
-0.53955078125
-0.297119140625
0.017822265625
-0.04296875
-0.236083984375
-0.3876953125
-0.30615234375
-0.11279296875
-0.017578125
-0.080810546875
-0.267333984375
-0.4169921875
-0.338623046875
-0.205810546875
-0.087890625
-0.155517578125
-0.434814453125
-0.4931640625
-0.267333984375
-0.249267578125
-0.375244140625
-0.447265625
-0.32421875
-0.01220703125
0.11376953125
0.140380859375
-0.007080078125
-0.200439453125
-0.352294921875
-0.263916015625
-0.175537109375
-0.174560546875
-0.397216796875
-0.4072265625
-0.376953125
-0.35009765625
-0.304443359375
-0.19873046875
-0.136962890625
-0.09765625
-0.1611328125
-0.285400390625
-0.275390625
-0.2470703125
-0.0185546875
0.029541015625
-0.270751953125
-0.52099609375
-0.503662109375
-0.32421875
-0.151123046875
-0.052001953125
-0.0322265625
-0.15625
-0.16796875
-0.11328125
-0.10595703125
-0.132568359375
-0.1611328125
-0.326171875
-0.406005859375
-0.493408203125
-0.55419921875
-0.51220703125
-0.2783203125
-0.142822265625
-0.1484375
-0.109130859375
-0.092041015625
-0.119384765625
-0.085693359375
-0.1826171875
-0.322021484375
-0.15234375
-0.35009765625
-0.478759765625
-0.255126953125
-0.212890625
0.27978515625
-0.145263671875
-0.15185546875
-0.0888671875
-0.316650390625
-0.472900390625
-0.268798828125
-0.184814453125
-0.21630859375
-0.06884765625
0.2041015625
-0.0869140625
-0.427001953125
-0.4599609375
-0.3564453125
-0.36181640625
-0.1865234375
-0.07421875
-0.435302734375
-0.395751953125
-0.23974609375
-0.177490234375
0.00927734375
-0.210693359375
-0.546630859375
-0.44970703125
-0.173095703125
0.016357421875
0.007080078125
-0.33056640625
-0.611083984375
-0.462890625
-0.2412109375
-0.1962890625
0.05908203125
-0.201171875
-0.30810546875
-0.271484375
-0.03515625
-0.09033203125
-0.181640625
-0.295166015625
-0.398681640625
-0.543212890625
-0.58837890625
-0.350341796875
-0.167724609375
-0.176025390625
-0.22509765625
-0.34228515625
-0.288818359375
-0.251220703125
-0.253173828125
-0.18994140625
-0.05908203125
-0.059814453125
-0.227294921875
-0.326416015625
-0.322998046875
-0.3857421875
-0.520751953125
-0.2041015625
-0.10107421875
-0.515869140625
-0.658203125
-0.365234375
0.029296875
0.190673828125
0.13525390625
-0.041015625
-0.291748046875
-0.47509765625
-0.466796875
-0.41162109375
-0.330322265625
-0.216796875
-0.125732421875
-0.1630859375
-0.35595703125
-0.408447265625
-0.370849609375
-0.22998046875
-0.112548828125
-0.20556640625
-0.45849609375
-0.3369140625
-0.1865234375
-0.06005859375
-0.21484375
-0.177001953125
-0.1953125
-0.326416015625
-0.30078125
-0.33642578125
-0.18994140625
-0.02783203125
-0.046875
-0.11279296875
-0.119384765625
-0.107666015625
-0.3642578125
-0.5048828125
-0.594970703125
-0.60107421875
-0.405517578125
-0.0185546875
-0.113037109375
-0.385009765625
-0.451416015625
-0.353759765625
-0.279296875
-0.035888671875
0.05517578125
-0.281494140625
-0.378662109375
-0.34326171875
-0.1611328125
-0.0185546875
0.034423828125
-0.421142578125
-0.53857421875
-0.71875
-0.5107421875
-0.084228515625
-0.013916015625
-0.11083984375
-0.138427734375
-0.07470703125
-0.197265625
-0.33984375
-0.27099609375
-0.25830078125
-0.2724609375
-0.1953125
-0.2099609375
-0.435546875
-0.49365234375
-0.3125
-0.20751953125
0.031494140625
-0.052490234375
-0.362548828125
-0.6650390625
-0.5546875
-0.3349609375
0.1328125
0.0966796875
0.074951171875
-0.4580078125
-0.650146484375
-0.32958984375
-0.2861328125
0.218017578125
-0.044189453125
-0.07470703125
-0.225341796875
-0.321533203125
-0.109375
-0.168701171875
-0.341064453125
-0.458740234375
-0.5693359375
-0.54150390625
-0.4609375
-0.200927734375
0.093017578125
-0.092041015625
-0.086181640625
-0.115478515625
-0.3564453125
-0.319580078125
-0.39013671875
-0.217041015625
-0.080810546875
-0.085693359375
-0.36767578125
-0.524169921875
-0.464599609375
-0.31396484375
-0.06884765625
-0.1796875
-0.350830078125
-0.1875
-0.10302734375
-0.121337890625
-0.293701171875
-0.220947265625
-0.349609375
-0.410400390625
-0.449462890625
-0.5029296875
-0.410888671875
-0.1494140625
-0.317626953125
-0.275634765625
-0.219970703125
-0.257080078125
-0.25244140625
-0.208984375
-0.244873046875
-0.238525390625
-0.041748046875
-0.1884765625
-0.265380859375
-0.306640625
-0.39990234375
-0.314453125
-0.323974609375
-0.224609375
-0.241943359375
-0.260498046875
-0.25537109375
-0.238525390625
-0.179931640625
-0.123046875
-0.03369140625
0.06689453125
-0.27099609375
-0.83447265625
-0.673828125
-0.430419921875
-0.208984375
-0.052734375
-0.1552734375
-0.386962890625
-0.416259765625
-0.374755859375
-0.12646484375
0.15478515625
-0.002685546875
-0.068359375
-0.335693359375
-0.548095703125
-0.395263671875
-0.308837890625
-0.150390625
-0.115234375
-0.28466796875
-0.32861328125
-0.3486328125
-0.24853515625
-0.0380859375
-0.08154296875
-0.131103515625
-0.300537109375
-0.378662109375
-0.605712890625
-0.412353515625
-0.20263671875
-0.107666015625
-0.0390625
-0.447509765625
-0.602783203125
-0.38916015625
-0.146728515625
0.074951171875
-0.131591796875
-0.400390625
-0.4189453125
-0.37158203125
-0.38818359375
-0.24267578125
-0.05859375
-0.394775390625
-0.35205078125
-0.245361328125
-0.1513671875
-0.063232421875
-0.06689453125
-0.112548828125
-0.104248046875
-0.25244140625
-0.406982421875
-0.366455078125
-0.5087890625
-0.518310546875
-0.35400390625
-0.287109375
-0.06982421875
-0.119384765625
-0.360595703125
-0.252685546875
-0.2646484375
-0.011962890625
-0.010498046875
0.02685546875
-0.23291015625
-0.477294921875
-0.373779296875
-0.338134765625
-0.3955078125
-0.269775390625
-0.253173828125
-0.280517578125
-0.578125
-0.31689453125
-0.137939453125
0.044677734375
0.11767578125
0.06201171875
-0.360595703125
-0.56494140625
-0.53076171875
-0.4423828125
-0.307373046875
-0.263427734375
-0.260498046875
-0.2646484375
-0.36279296875
-0.478271484375
-0.17236328125
0.137451171875
-0.1279296875
-0.4248046875
-0.55517578125
-0.271728515625
-0.134033203125
-0.0439453125
-0.15283203125
-0.333251953125
-0.396240234375
-0.441650390625
-0.32861328125
-0.063720703125
0.017333984375
-0.0439453125
-0.294921875
-0.408935546875
-0.367431640625
-0.169921875
-0.3896484375
-0.52685546875
-0.59912109375
-0.151611328125
-0.136474609375
-0.146240234375
-0.025146484375
0.0263671875
-0.255615234375
-0.191162109375
0.003662109375
-0.41943359375
-0.4111328125
-0.27734375
-0.322998046875
-0.37939453125
-0.432861328125
-0.4677734375
-0.399169921875
-0.272216796875
0.043701171875
0.199951171875
-0.03515625
-0.0673828125
-0.375732421875
-0.4794921875
-0.194580078125
-0.22216796875
-0.39208984375
-0.444091796875
-0.380859375
-0.250732421875
-0.121826171875
-0.054443359375
-0.18359375
-0.06640625
-0.18896484375
-0.6416015625
-0.56298828125
-0.325927734375
-0.071044921875
0.021240234375
-0.267578125
-0.588623046875
-0.630615234375
-0.20751953125
-0.08837890625
0.037353515625
0.0830078125
-0.101806640625
-0.396484375
-0.434326171875
-0.32421875
-0.277099609375
-0.394287109375
-0.537109375
-0.4833984375
-0.22216796875
-0.10107421875
0.189697265625
0.09326171875
-0.131591796875
-0.322265625
-0.22998046875
-0.103759765625
0.13134765625
-0.2041015625
-0.4326171875
-0.512451171875
-0.640625
-0.406982421875
-0.223876953125
-0.13671875
-0.24560546875
-0.271728515625
-0.17333984375
0.02001953125
0.00048828125
-0.243896484375
-0.3544921875
-0.4453125
-0.64501953125
-0.441162109375
-0.252197265625
-0.09326171875
-0.05615234375
-0.137451171875
-0.291259765625
-0.454833984375
-0.43994140625
-0.186279296875
-0.226806640625
-0.357421875
-0.298828125
-0.332275390625
-0.2685546875
-0.024169921875
-0.27978515625
-0.169189453125
-0.099365234375
-0.162109375
-0.0791015625
-0.145751953125
-0.281005859375
-0.28759765625
-0.33642578125
-0.359375
-0.449462890625
-0.59521484375
-0.5703125
-0.321533203125
0.1748046875
0.015869140625
-0.09716796875
-0.3466796875
-0.351806640625
-0.301513671875
-0.017578125
-0.031494140625
-0.1650390625
-0.467529296875
-0.448974609375
-0.4150390625
-0.54541015625
-0.1630859375
-0.03515625
-0.176513671875
-0.340087890625
-0.12255859375
-0.119873046875
-0.13916015625
-0.041015625
-0.189697265625
-0.49560546875
-0.5322265625
-0.205810546875
0.059814453125
-0.048095703125
-0.318359375
-0.602783203125
-0.441650390625
-0.21826171875
0.162841796875
-0.03955078125
-0.381591796875
-0.497802734375
-0.458740234375
-0.50830078125
-0.36279296875
-0.22802734375
-0.11083984375
-0.13525390625
-0.02978515625
-0.116943359375
-0.023681640625
-0.01318359375
0.0
-0.204345703125
-0.71826171875
-0.652099609375
-0.5263671875
-0.373046875
0.012451171875
-0.080810546875
-0.146728515625
-0.419189453125
-0.273193359375
-0.186767578125
0.061767578125
0.077392578125
0.080078125
-0.555419921875
-0.6982421875
-0.492919921875
-0.2939453125
-0.143798828125
-0.1337890625
-0.21728515625
-0.33447265625
-0.514404296875
-0.271240234375
0.079345703125
0.2265625
-0.09228515625
-0.583740234375
