0.01532159267017923
0.019318529888486854
0.02624655440022007
0.035705972483548114
0.045032159326265905
0.0479632466196915
0.03970290970185574
0.03424042883683532
0.028911179212425153
0.018385911204215073
0.008793261880276773
0.0073277182335639785
0.004929555902579405
0.008393568158446012
0.0127901990985844
0.018652373685435583
0.02851148549059439
0.04316692195772235
0.05209341507860938
0.054491577409593955
0.04596477801053769
0.03437366007744557
0.021849923460081685
0.01052526800821008
0.008793261880276773
0.01052526800821008
0.009725880564548555
0.01372281778285618
0.01572128639200999
0.016787136316892024
0.028245023009373885
0.037304747370871166
0.04263399699528134
0.03770444109270193
0.021849923460081685
0.008926493120887028
0.015987748873230498
0.023848392069235495
0.02105053601642016
0.015188361429568975
0.01971822361031762
0.036238897445989134
0.044232771882604376
0.04743032165725048
0.03850382853636345
0.03357427263378405
0.033307810152563545
0.026113323159609816
0.01345635530163567
0.013323124061025418
0.015188361429568975
0.021716692219471426
0.01985145485092787
0.026379785640830326
0.02997702913730719
0.03770444109270193
0.03797090357392244
0.03970290970185574
0.0671485452675681
0.032108728987071254
0.029177641693645662
0.032375191468291764
0.02717917308449185
0.02011791733214838
0.013189892820415163
0.009725880564548555
0.01705359879811253
0.015987748873230498
0.01572128639200999
0.016387442595061263
0.02078407353519965
0.027978560528153375
0.03810413481453269
0.040502297145517265
0.04569831552931718
0.014522205226517705
0.006661562030512709
0.006128637068071691
-0.006128637068071691
-0.004529862180748642
0.00159877488732305
0.006794793271122962
0.016653905076281773
0.023448698347404734
0.032375191468291764
0.041168453348568536
0.04023583466429676
0.029577335415476424
0.018119448722994567
-0.00013323124061025415
-0.013989280264076687
-0.002398162330984575
0.018252679963604822
0.03503981628049684
0.03264165394951227
0.032375191468291764
0.030909647821578966
0.0011990811654922875
0.03424042883683532
0.0191852986478766
0.008926493120887028
0.011724349173702367
0.020384379813368887
0.03823736605514295
0.048229709100912004
0.04876263406335302
0.04449923436382489
0.06461715169597326
0.02531393571594829
0.000799387443661525
0.001732006127933304
0.00159877488732305
0.006261868308681946
0.008526799399056265
0.016387442595061263
0.035173047521107094
0.05942113331217336
0.07420980101991156
0.06861408891428089
0.036105666205378875
0.00479632466196915
-0.00985911180515881
-0.008526799399056265
-0.010791730489430587
-0.012523736617363892
-0.01052526800821008
0.0031975497746461
0.018385911204215073
0.036105666205378875
0.031176110302799476
0.023049004625573973
0.02717917308449185
0.04916232778518379
0.05649004601874777
0.05049464019128633
0.03930321598002497
0.03464012255866608
0.03890352225819422
0.0433001531983326
0.04063552838612752
0.027312404325102103
0.00479632466196915
-0.006928024511733216
-0.003863705977697371
0.0191852986478766
0.021983154700691936
0.027712098046932865
0.011591117933092112
0.0073277182335639785
0.008793261880276773
0.016254211354451008
0.027712098046932865
0.022516079663132953
0.01212404289553313
-0.004929555902579405
0.0031975497746461
0.005462480865020421
0.008926493120887028
0.0002664624812205083
0.05076110267250683
0.019052067407266345
0.048229709100912004
0.07074578876404496
0.03757120985209167
0.012523736617363892
-0.007061255752343471
0.0029310872934255917
0.015454823910789483
0.041301684589178794
0.0334410413931738
0.016254211354451008
0.0031975497746461
0.02744563556571236
0.054491577409593955
0.07807350699760894
0.022915773384963714
0.011724349173702367
0.008793261880276773
-0.0018652373685435584
0.018119448722994567
0.014522205226517705
0.0026646248122050836
-0.008926493120887028
-0.012257274136143382
-0.002264931090374321
0.015987748873230498
0.022649310903743208
0.017719755001163805
0.009059724361497283
0.015854517632620246
0.04809647786030175
0.0750091884635731
0.08713323135910622
0.08993108741192156
0.0401026034236865
0.01438897398590745
0.018119448722994567
0.028245023009373885
0.041834609551619814
0.02371516082862524
0.0369050536490404
0.06448392045536301
0.08806585004337801
0.10392036767599824
0.15681317019826913
0.15121745809263848
0.17733078125224827
0.18865543670411988
0.15388208290484356
0.16094333865718705
0.1833261870797097
0.1973154673437864
0.18705666181679687
0.1770643187710278
0.2063751917052837
0.24527871396347792
0.25886830050572385
0.23621898960198062
0.2046431855773504
0.18119448722994566
0.183992343282761
0.24860949497873427
0.2912434919740156
0.26233231276159047
0.21556814730739124
0.22356202174400647
0.24074885178272928
0.24434609527920614
0.2188989283226476
0.21570137854800148
0.24274732039188307
0.24554517644469842
0.248476263738124
0.24221439542944206
0.2418147017076113
0.23049004625573968
0.21143797884847337
0.1793292498614021
0.1950505362534121
0.22596018407499108
0.24288055163249336
0.24661102636958046
0.2339540585116063
0.23941653937662674
0.2876462484775388
0.29790505400452827
0.26033384415243666
0.2354196021583191
0.23422052099282684
0.24887595745995478
0.24501225148225741
0.20810719783321702
0.19318529888486854
0.20077947959965303
0.22742572772170386
0.25047473234727785
0.24168147046700106
0.2287580401278064
0.22023124072875014
0.23075650873696021
0.24607810140713945
0.31908882126155874
0.3000367538542924
0.25740275685901104
0.23994946433906775
0.25993415043060586
0.3027013786664975
0.24434609527920614
0.22889127136841667
0.22369525298461676
0.21663399723227325
0.21556814730739124
0.21796630963837582
0.21676722847288354
0.2147687598637297
0.21396937242006817
0.2932419605831694
0.318156202577287
0.3041669223132103
0.280451761484585
0.2391500768954062
0.2685941810702724
0.24741041381324197
0.26726186866416984
0.2194318532850886
0.22422817794705777
0.25513782576863675
0.2560704444529085
0.2723246558073595
0.21516845358556047
0.23821745821113444
0.2960398166359847
0.32068759614888176
0.3130934154340973
0.29817151648574886
0.2761883617850569
0.2600673816712161
0.2571362943777905
0.2339540585116063
0.21037212892359133
0.17666462504919703
0.1770643187710278
0.22396171546583724
0.23768453324869343
0.23715160828625242
0.22236294057851422
0.2612664628367084
0.34080551348103016
0.35905819344463497
0.3189555900209484
0.2835160800186209
0.273124043251021
0.2815176114094671
0.22409494670644753
0.21263706001396562
0.17306738155272017
0.09086370609619333
0.1557473202733871
0.13336447185086442
0.10791730489430588
0.20264471696819658
0.07154517620770649
0.1680045944095305
0.16760490068769973
0.20091271084026327
0.19744869858439668
0.23049004625573968
0.23741807076747293
0.2586018380245033
0.23755130200808316
0.2586018380245033
0.296173047876595
0.279385911559703
0.2508744260691086
0.22969065881207817
0.21823277211959632
0.2344869834740473
0.2723246558073595
0.30056967881673335
0.28125114892824654
0.27658805550688764
0.29550689167354377
0.29750536028269753
0.2820505363719081
0.23315467106794477
0.22396171546583724
0.22009800948813987
0.22569372159377055
0.2302235837745192
0.2440796327979856
0.22009800948813987
0.2526064321970419
0.32628330825451246
0.35226340017351204
0.3340107202099072
0.287779479718149
0.2554042882498572
0.2637978564083033
0.28817917343997973
0.27911944907848246
0.23941653937662674
0.1961163861782941
0.192385911441207
0.20304441069002732
0.22769219020292436
0.25740275685901104
0.2885788671618105
0.29710566656086673
0.2932419605831694
0.30363399735076924
0.31349310915592804
0.3157580402463024
0.30150229750100516
0.2928422668613387
0.28644716731204645
0.24447932651981638
0.18745635553862763
0.17426646271821244
0.21956508452569887
0.25300612591887267
0.2679280248672211
0.2684609498296621
0.2963062791172053
0.3232189897204766
0.28951148584608233
0.26233231276159047
0.2856477798683849
0.3345436451723482
0.29270903562072836
0.24994180738483682
0.20131240456209404
0.20450995433674016
0.25207350723460087
0.2600673816712161
0.2502082698660573
0.2671286374235596
0.2815176114094671
0.2963062791172053
0.3054992347193128
0.29883767268880007
0.28178407389068755
0.2651301688144058
0.2921761106582874
0.33520980137539946
0.23848392069235497
0.19291883640364801
0.23155589618062175
0.28991117956791307
0.2789862178378722
0.232222052383673
0.24101531426394976
0.30869678449395893
0.31402603411836905
0.2917764169364566
0.2847151611841131
0.32375191468291764
0.31282695295287677
0.2430137828731036
0.1827932621172687
0.1970490048625659
0.22516079663132954
0.247943338775683
0.24661102636958046
0.24394640155737538
0.2680612561078314
0.34080551348103016
0.3121607967498255
0.32135375235193303
0.32068759614888176
0.3218866773143741
0.2845819299435029
0.23954977061723698
0.27698774922871844
0.26246554400220073
0.23382082727099607
0.231689127421232
0.26246554400220073
0.25367228212192394
0.2582021443026726
0.2923093418988976
0.3064318534035846
0.2368851458050319
0.2651301688144058
0.3236186834423074
0.3422710571277429
0.33640888254089174
0.2619326190397597
0.24754364505385223
0.2570030631371803
0.25993415043060586
0.25473813204680595
0.24367993907615484
0.24541194520408816
0.26060030663365713
0.2863139360714362
0.3028346099071077
0.29310872934255916
0.28378254249984136
0.2863139360714362
0.27698774922871844
0.2543384383249752
0.2487427262193445
0.2366186833238114
0.247943338775683
0.26872741231088265
0.27085911216064673
0.3028346099071077
0.29670597283903605
0.2295574275714679
0.28404900498106184
0.3558606436699889
0.3096294031782307
0.27432312441651335
0.2648637063331853
0.22249617181912446
0.2014456358027043
0.23262174610550376
0.18519142444825326
0.21210413505152462
0.1625421135445101
0.1861240431325251
0.18186064343299693
0.2162343035104425
0.26366462516769296
0.2643307813707443
0.3003032163355129
0.3011026037791744
0.2808514552064158
0.28684686103387724
0.3054992347193128
0.28911179212425153
0.2685941810702724
0.2644640126113545
0.24754364505385223
0.2423476266700523
0.27432312441651335
0.25726952561840083
0.28271669257495935
0.2949739667111027
0.28165084265007734
0.3065650846441948
0.27765390543176965
0.26819448734844165
0.2835160800186209
0.2797856052815338
0.23968300185784724
0.21929862204447836
0.2153016848261707
0.23115620245879098
0.2723246558073595
0.2960398166359847
0.2797856052815338
0.26606278749867757
0.2880459421993695
0.3016355287416154
0.3049663097568718
0.27605513054444664
0.280451761484585
0.28284992381556956
0.2781868303942107
0.2607335378742674
0.24887595745995478
0.19758192982500694
0.18852220546350965
0.20917304775809903
0.2391500768954062
0.28817917343997973
0.3384073511500456
0.30310107238832823
0.27965237404092347
0.25740275685901104
0.23315467106794477
0.22529402787193978
0.25167381351277013
0.25740275685901104
0.26672894370172884
0.2502082698660573
0.24754364505385223
0.23621898960198062
0.2595344567087751
0.2924425731395079
0.34293721333079424
0.3372082699845533
0.30576569720053326
0.2948407354704925
0.28831240468059
0.2912434919740156
0.30909647821578967
0.33680857626272254
0.28071822396580554
0.24074885178272928
0.21783307839776556
0.23821745821113444
0.26619601873928783
0.3264165394951227
0.3153583465244716
0.3177565088554562
0.280451761484585
0.2772542117099389
0.2823169988531286
0.29071056701157455
0.29257580438011815
0.30456661603504104
0.231689127421232
0.2462113326477497
0.26459724385196476
0.2476768762944625
0.280984686447026
0.3318790203601431
0.31122817806555375
0.29297549810194895
0.2398162330984575
0.23328790230855506
0.28005206776275426
0.34573506938360954
0.31122817806555375
0.3053660034787026
0.25167381351277013
0.23648545208320115
0.231689127421232
0.2659295562580673
0.23901684565479597
0.3016355287416154
0.30296784114771796
0.2688606435514929
0.3177565088554562
0.3414716696840814
0.3374747324657738
0.24527871396347792
0.2787197553566517
0.27592189930383637
0.2270260339998731
0.20997243520176057
0.22742572772170386
0.26646248122050836
0.273656968213462
0.27712098046932865
0.32801531438244574
0.3144257278401998
0.2783200616348209
0.28005206776275426
0.32002143994583054
0.3194885149833895
0.3284150081042765
0.30150229750100516
0.2582021443026726
0.20704134790833498
0.18932159290717118
0.21676722847288354
0.2845819299435029
0.30323430362893844
0.2740566619352928
0.31495865280264085
0.3322787140819739
0.24261408915127283
0.3240183771641381
0.2900444108085233
0.30989586565945115
0.2781868303942107
0.19398468632853008
0.20211179200575555
0.2412817767451703
0.24034915806089852
0.3188223587803382
0.2923093418988976
0.26526340005501603
0.2519402759939906
0.30909647821578967
0.3188223587803382
0.3250842270890202
0.2755222055820056
0.2912434919740156
0.278852986597262
0.2014456358027043
0.2250275653907193
0.2969724353202565
0.3039004598319897
0.30216845370405643
0.2703261871982057
0.25780245058084184
0.3209540586301023
0.30323430362893844
0.3040336910726
0.3072312408472461
0.27485604937895436
0.2582021443026726
0.2053093417804017
0.22809188392475513
0.25726952561840083
0.3480000004739839
0.2820505363719081
0.27658805550688764
0.25300612591887267
0.4138162333354494
0.3661194491969785
0.32521745832963045
0.33560949509723026
0.30469984727565125
0.2851148549059439
0.24074885178272928
0.23954977061723698
0.1957166924564634
0.24554517644469842
0.2142358349012887
0.28005206776275426
0.24634456388835996
0.2755222055820056
0.326016845773292
0.3666523741594194
0.3380076574282148
0.33787442618760455
0.30083614129795394
0.24288055163249336
0.25620367569351876
0.23555283339892938
0.24887595745995478
0.2939081167862207
0.3048330785162615
0.24687748885080096
0.2423476266700523
0.32255283351742536
0.35999081212890677
0.35945788716646576
0.33827411990943534
0.3043001535538205
0.3043001535538205
0.2548713632874162
0.19864777974988895
0.2607335378742674
0.2653966312956263
0.2919096481770669
0.3043001535538205
0.26313170020525195
0.29057733577096434
0.3296140892697688
0.3761117922427475
0.32255283351742536
0.2789862178378722
0.24781010753507274
0.2653966312956263
0.22009800948813987
0.24634456388835996
0.27085911216064673
0.2740566619352928
0.25726952561840083
0.2564701381747393
0.29310872934255916
0.3951638596500139
0.3801087294610552
0.3458683006242198
0.3044333847944308
0.28698009227448745
0.28165084265007734
0.28791271095875925
0.3040336910726
0.24447932651981638
0.20277794820880685
0.1685375193719715
0.21769984715715532
0.2989709039294104
0.3348101076535687
0.31402603411836905
0.36318836190355286
0.30843032201273834
0.3017687599822257
0.2948407354704925
0.33028024547282003
0.2752557431007851
0.2503415011066676
0.22982389005268844
0.2688606435514929
0.2677947936266109
0.28165084265007734
0.33520980137539946
0.3380076574282148
0.32535068957024066
0.29364165430500017
0.2959065853953745
0.29031087328974386
0.32948085802915855
0.3152251152838613
0.2824502300937389
0.21037212892359133
0.2267595715186526
0.23328790230855506
0.30043644757612314
0.3146921903214204
0.2935084230643899
0.3583920372415837
0.33241194532258417
0.3376079637063841
0.2772542117099389
0.26672894370172884
0.278852986597262
0.2693935685139339
0.2383506894517447
0.22782542144353463
0.2270260339998731
0.2548713632874162
0.33041347671343035
0.34986523784252743
0.40648851510188544
0.32628330825451246
0.2755222055820056
0.3126937217122665
0.33920673859370715
0.3641209805878246
0.28658039855265666
0.23049004625573968
0.18066156226750466
0.1594777950104742
0.22143032189424242
0.2884456359212003
0.273124043251021
0.3397396635561481
0.35479479374510686
0.2873797859963182
0.2763215930256671
0.33734150122516354
0.32908116430732776
0.2482098012569035
0.2368851458050319
0.2334211335491653
0.26606278749867757
0.29457427298927197
0.36625268043758874
0.3770444109270193
0.3012358350197846
0.27765390543176965
0.2267595715186526
0.27245788704796975
0.3437366007744557
0.3054992347193128
0.24394640155737538
0.15108422685202821
0.20251148572758632
0.2643307813707443
0.31256049047165624
0.2952404291923232
0.30043644757612314
0.3843721291605832
0.33654211378150206
0.32948085802915855
0.30976263441884094
0.31602450272752286
0.25167381351277013
0.20011332339660176
0.17226799410905863
0.1414915775280899
0.2598009191899956
0.32694946445756373
0.3257503832920714
0.3734471674305424
0.31762327761484593
0.3241516084047483
0.30310107238832823
0.3374747324657738
0.3487993879176454
0.2969724353202565
0.21277029125457592
0.2255604903531603
0.15028483940836668
0.2612664628367084
0.2592679942275546
0.3530627876171736
0.3104287906218922
0.2795191428003132
0.329214395547938
0.2915099544552361
0.29710566656086673
0.2924425731395079
0.31908882126155874
0.24714395133202147
0.20077947959965303
0.1566799389576589
