-0.02105053601642016
-0.006261868308681946
0.014255742745297196
0.02904441045303541
0.044632465604435144
0.045165390566876164
0.041834609551619814
0.03530627876171736
0.003863705977697371
-0.009459418083328047
-0.02398162330984575
-0.03264165394951227
-0.035173047521107094
-0.035173047521107094
-0.020517611053979142
0.004396630940138387
0.00159877488732305
0.054091883687763194
0.053558958725322174
0.04716385917602997
0.03810413481453269
0.021716692219471426
0.005995405827461438
-0.002264931090374321
-0.02438131703167651
-0.040768759626737774
-0.03970290970185574
-0.016520673835671518
0.004529862180748642
0.025447166956558548
0.03877029101758396
0.02624655440022007
0.01212404289553313
0.013589586542245924
0.023315467106794475
0.011324655451871604
-0.01851914244482533
-0.036505359927209644
-0.02571362943777905
0.0057289433462409285
0.026646248122050836
0.01958499236970736
0.026646248122050836
0.03450689131805583
0.0433001531983326
0.020517611053979142
0.002531393571594829
-0.005595712105630674
-0.018652373685435583
-0.02531393571594829
-0.028911179212425153
-0.02531393571594829
-0.000799387443661525
0.009725880564548555
0.027045941843881597
0.02424808579106626
0.02744563556571236
0.03064318534035846
0.041967840792230066
0.0430336907171121
0.031042879062189218
0.0063950995492922
-0.0037304747370871167
-0.0058621745868511835
-0.003464012255866608
-0.00479632466196915
-0.00985911180515881
-0.010924961730040842
-0.0014655436467127959
0.0030643185340358454
0.0287779479718149
0.041434915829789046
0.04236753451406082
0.03903675349880447
0.03810413481453269
0.008793261880276773
-0.012257274136143382
-0.022116385941302188
-0.019318529888486854
-0.024114854550456002
-0.028911179212425153
-0.03384073511500456
-0.011191424211261349
0.029577335415476424
0.07594180714784488
0.10325421147294697
0.03464012255866608
-0.037837672333312186
-0.07034609504221419
-0.04383307816077362
0.0075941807147844875
0.028644716731204646
0.002264931090374321
-0.023581929588014985
-0.0002664624812205083
0.002797856052815337
0.06608269534268607
0.04263399699528134
-0.012523736617363892
-0.0302434916185277
-0.02424808579106626
0.0014655436467127959
0.027312404325102103
0.0255803981971688
0.03877029101758396
0.025447166956558548
0.008526799399056265
0.0029310872934255917
0.005462480865020421
0.019318529888486854
0.00159877488732305
-0.0302434916185277
-0.062485451846209204
-0.037171516130260915
0.031975497746460996
0.08446860654690114
0.10511944884149053
0.09526033703633173
0.06315160804926047
0.024114854550456002
-0.0018652373685435584
-0.03370750387439431
-0.04729709041664023
-0.061952526883768184
-0.06661562030512709
-0.06395099549292199
-0.03490658503988659
-0.002398162330984575
0.03703828488965066
0.029444104174866172
0.027978560528153375
0.00479632466196915
0.012523736617363892
0.01985145485092787
0.029444104174866172
0.056090352296917
0.0575558959436298
0.03863705977697371
0.02464777951289702
-0.004929555902579405
-0.026513016881440577
-0.021583460978861175
-0.01438897398590745
0.004263399699528133
0.015454823910789483
0.008926493120887028
-0.012656967857974145
-0.0021316998497640663
0.008127105677225504
0.04263399699528134
0.026646248122050836
-0.008127105677225504
-0.013189892820415163
-0.009192955602107537
0.0029310872934255917
-0.03437366007744557
-0.03503981628049684
-0.06062021447766565
0.024514548272286763
0.05622358353752725
0.09539356827694198
0.10005666169830088
0.005329249624410167
-0.02851148549059439
-0.05169372135677862
-0.031975497746460996
0.027845329287543123
-0.009326186842717792
-0.03877029101758396
-0.05542419609386573
-0.029444104174866172
0.08726646259971647
0.14548851474639754
0.09512710579572148
-0.013323124061025418
0.005462480865020421
0.013323124061025418
0.006528330789902454
0.05955436455278361
0.005595712105630674
-0.057422664703019544
-0.09765849936731631
-0.08540122523117291
-0.02531393571594829
0.029577335415476424
0.023848392069235495
-0.025180704475338038
-0.05235987755982989
-0.0009326186842717792
0.07887289444127048
0.10765084241308535
0.10738437993186485
0.07833996947882944
0.026779479362661087
0.0019984686091538122
0.017453292519943295
0.06674885154573734
-0.010392036767599824
-0.08473506902812164
-0.12004134778983899
-0.11631087305275188
-0.04170137831100955
0.06141960192132717
0.04583154676992743
0.02464777951289702
0.020251148572758632
-0.05156049011616837
-0.017186830038722786
0.06928024511733216
0.09286217470534716
-0.0401026034236865
-0.16347473222878187
-0.11031546722529045
-0.009725880564548555
0.04396630940138387
0.0191852986478766
-0.0558238898156965
-0.07034609504221419
-0.10511944884149053
0.0063950995492922
0.062485451846209204
-0.044099540641994124
-0.12377182252692612
-0.07341041357625004
0.022116385941302188
0.025447166956558548
-0.028911179212425153
-0.09286217470534716
-0.08873200624642928
-0.06515007665841428
-0.06515007665841428
0.0003996937218307625
-0.005196018383799912
-0.04356661567955311
-0.09406125587083944
-0.13536294046001823
-0.1124471670750545
-0.05076110267250683
-0.03890352225819422
-0.13149923448232087
-0.12457120997058764
-0.05542419609386573
0.054491577409593955
0.09312863718656766
0.007993874436615249
-0.08700000011849597
-0.08300306290018834
-0.015987748873230498
0.004929555902579405
-0.021849923460081685
-0.09939050549524961
-0.16081010741657678
-0.16374119471000237
-0.07141194496709623
-0.025447166956558548
-0.04862940282274277
-0.10058958666074189
-0.13016692207621833
-0.08247013793774732
0.005595712105630674
0.0075941807147844875
-0.01572128639200999
-0.015188361429568975
0.036105666205378875
0.07114548248587572
0.02424808579106626
-0.039969372183076245
-0.12577029113607993
-0.14428943358090526
-0.13935987767832586
-0.09765849936731631
-0.06741500774878861
-0.08260336917835759
-0.11724349173702366
-0.09765849936731631
-0.01052526800821008
-0.017453292519943295
-0.009992343045769061
0.06008728951522463
0.04769678413847099
-0.02744563556571236
-0.07540888218540386
-0.09232924974290613
-0.09113016857741385
-0.029444104174866172
0.00985911180515881
-0.059021439590342596
-0.1921194489599865
-0.18732312429801734
-0.07740735079455767
0.025447166956558548
0.05395865244715294
0.05502450237203497
0.02464777951289702
-0.0013323124061025418
-0.05595712105630675
-0.037304747370871166
-0.03557274124293786
-0.112180704593834
-0.1601439512135255
-0.1877228180198481
-0.1377611027910028
-0.09979019921708036
-0.12017457903044926
-0.09539356827694198
0.01212404289553313
0.07847320071943971
0.04769678413847099
0.0334410413931738
0.017852986241774057
0.04396630940138387
0.012523736617363892
-0.0688805513955014
-0.036238897445989134
-0.0002664624812205083
-0.06488361417719378
0.09566003075816248
0.02717917308449185
-0.06062021447766565
0.03384073511500456
-0.21450229738250923
-0.15215007677691025
-0.17746401249285856
-0.10485298636027003
-0.041301684589178794
-0.03437366007744557
0.004929555902579405
0.005995405827461438
0.07261102613258852
0.14189127124992068
-0.09406125587083944
-0.1781301686959098
-0.12750229726401321
-0.04250076575467108
-0.023049004625573973
-0.04862940282274277
-0.057689127184240054
-0.07247779489197827
-0.07367687605747056
-0.031975497746460996
0.05022817771006582
-0.0006661562030512709
-0.09552679951755223
-0.12537059741424916
-0.09179632478046512
-0.09979019921708036
-0.027712098046932865
-0.09699234316426504
-0.22169678437546292
-0.21929862204447836
-0.06408422673353224
0.10445329263843926
0.10978254226284943
0.03530627876171736
-0.0305099540997482
-0.030909647821578966
-0.012523736617363892
0.01372281778285618
-0.044632465604435144
-0.13030015331682857
-0.17226799410905863
-0.14708728963372059
-0.1594777950104742
-0.1183093416619057
-0.041035222107958284
0.007194486992953725
-0.029843797896696934
-0.05262634004105039
0.0009326186842717792
0.0003996937218307625
0.0063950995492922
0.01851914244482533
0.04276722823589159
0.02131699849764067
-0.0831362941407986
-0.14428943358090526
-0.12790199098584398
-0.12190658515838257
-0.1633415009881716
-0.1291010721513363
-0.05169372135677862
0.04783001537908124
-0.06554977038024505
-0.11484532940603909
0.018652373685435583
0.14788667707738212
0.11138131715017249
-0.03583920372415837
-0.10365390519477774
-0.1921194489599865
-0.1616094948602383
-0.1028545177511162
-0.13309800936964392
-0.06741500774878861
0.010125574286379316
0.0030643185340358454
-0.036771822408430146
-0.06608269534268607
-0.057156202221799034
-0.0415681470703993
0.03543951000232761
0.07287748861380902
-0.009059724361497283
-0.17026952549990482
-0.1028545177511162
-0.0010658499248820332
-0.05049464019128633
-0.14069219008442838
-0.111647779631393
0.02997702913730719
-0.04396630940138387
-0.1023215927886752
0.00013323124061025415
0.062485451846209204
0.018652373685435583
-0.0752756509447936
-0.07900612568188072
-0.08047166932859352
-0.09845788681097782
-0.18905513042595065
-0.21023889768298107
-0.16427411967244337
-0.0668820827863476
0.02371516082862524
0.049961715228845315
0.02744563556571236
-0.06328483928987072
-0.05182695259738887
0.0095926493239383
0.022116385941302188
0.06848085767367064
0.003863705977697371
-0.12856814718889525
-0.19491730501280186
-0.08420214406568063
0.008127105677225504
-0.0287779479718149
-0.02105053601642016
-0.11591117933092111
-0.23994946433906775
-0.11138131715017249
0.06701531402695785
0.12537059741424916
-0.004929555902579405
-0.07913935692249098
-0.06461715169597326
-0.03983614094246599
-0.037304747370871166
-0.13069984703865933
-0.1299004595949978
-0.07327718233563979
-0.031842266505850744
-0.036105666205378875
-0.0514272588755581
-0.07873966320066021
-0.10192189906684443
-0.006794793271122962
0.027978560528153375
0.027978560528153375
-0.015854517632620246
-0.1269693723015722
-0.20850689155504776
-0.10765084241308535
-0.001732006127933304
0.08007197560676275
0.07367687605747056
-0.08473506902812164
-0.1578790201231512
-0.09752526812670605
-0.033041347671343035
-0.007727411955394742
0.06355130177109124
-0.029577335415476424
-0.08819908128398825
-0.10805053613491612
-0.011457886692481857
-0.04596477801053769
-0.041834609551619814
-0.09912404301402909
-0.08473506902812164
-0.09739203688609578
-0.07247779489197827
-0.01052526800821008
0.06701531402695785
0.05342572748471192
-0.04316692195772235
-0.02744563556571236
-0.032774885190122525
-0.10978254226284943
-0.09725880564548554
-0.07807350699760894
-0.03863705977697371
0.0191852986478766
-0.009992343045769061
-0.11884226662434672
-0.22009800948813987
-0.10618529876637257
-0.08207044421591657
0.018652373685435583
0.01185758041431262
-0.029444104174866172
-0.0302434916185277
-0.007860643196004996
-0.050361408950676076
-0.12603675361730043
-0.11058192970651096
-0.13389739681330545
-0.10498621760088028
-0.10352067395416749
-0.1384272589940541
-0.07287748861380902
0.07341041357625004
0.0018652373685435584
0.050094946469455566
0.026513016881440577
0.011724349173702367
0.002531393571594829
-0.013189892820415163
-0.0095926493239383
-0.044765696845045395
-0.036771822408430146
-0.11764318545885442
-0.0610199081994964
-0.09992343045769063
-0.09939050549524961
-0.05489127113142472
-0.026113323159609816
0.015454823910789483
0.008926493120887028
0.009326186842717792
-0.0013323124061025418
0.006128637068071691
0.017586523760553547
-0.0003996937218307625
-0.04583154676992743
-0.09659264944243427
-0.15121745809263848
-0.216500765991663
-0.10098928038257265
0.10005666169830088
0.1392266464377156
0.011058192970651094
-0.01851914244482533
-0.0514272588755581
-0.09859111805158809
-0.001732006127933304
0.05808882090607082
0.03503981628049684
-0.02438131703167651
-0.10098928038257265
-0.21516845358556047
-0.17200153162783813
-0.06648238906451683
-0.023581929588014985
-0.02584686067838931
-0.02078407353519965
-0.05156049011616837
-0.03770444109270193
-0.06381776425231174
-0.04316692195772235
-0.016787136316892024
-0.04036906590490701
-0.11364624824054681
-0.13229862192598238
-0.1398928026407669
-0.13709494658795152
-0.013589586542245924
0.016520673835671518
0.02424808579106626
-0.02691271060327134
-0.14282388993419246
-0.15254977049874102
-0.02145022973825092
0.027045941843881597
0.05062787143189658
0.010392036767599824
-0.0846018377875114
-0.17839663117713034
-0.12523736617363893
-0.04063552838612752
-0.027845329287543123
-0.000799387443661525
-0.13469678425696696
-0.08913169996826004
-0.0019984686091538122
0.06808116395183987
-0.005995405827461438
-0.07460949474174233
-0.0073277182335639785
-0.12137366019594154
-0.15334915794240253
-0.1633415009881716
-0.13736140906917205
-0.09672588068304452
-0.05262634004105039
-0.01572128639200999
0.06448392045536301
0.058355283387291325
-0.022516079663132953
-0.05688973974057853
-0.0369050536490404
-0.026379785640830326
0.004663093421358896
-0.0011990811654922875
-0.09139663105863435
-0.16733843820647926
-0.17573200636492525
-0.14788667707738212
-0.12217304763960307
-0.06941347635794241
-0.07247779489197827
0.01851914244482533
0.015987748873230498
-0.07234456365136802
0.0369050536490404
-0.015854517632620246
0.024781010753507273
-0.06235222060559895
-0.14548851474639754
-0.1781301686959098
-0.1724012253496689
-0.11777641669946469
-0.024114854550456002
0.015454823910789483
0.0026646248122050836
-0.008260336917835759
-0.03077641658096871
-0.08087136305042428
-0.04543185304809667
0.03503981628049684
0.09885758053280859
-0.08060490056920376
-0.20597549798345294
-0.13709494658795152
-0.06461715169597326
-0.031042879062189218
0.031176110302799476
-0.08500153150934216
-0.15881163880742297
-0.048229709100912004
-0.07860643196004995
0.011324655451871604
0.0415681470703993
-0.03410719759622506
-0.1087166923379674
-0.23715160828625242
-0.15068453313019745
-0.10858346109735714
-0.002531393571594829
-0.13056661579804907
-0.06235222060559895
-0.08446860654690114
0.05529096485325548
-0.04636447173236845
0.04636447173236845
0.028111791768763626
0.013189892820415163
0.01505513018895872
-0.04783001537908124
-0.0941944871114497
-0.17613170008675602
-0.1151117918872596
-0.11924196034617748
-0.05955436455278361
-0.12004134778983899
-0.13336447185086442
-0.048895865303963275
0.04023583466429676
0.058355283387291325
0.09739203688609578
-0.029577335415476424
-0.10165543658562393
-0.16067687617596652
-0.1805283310268944
-0.09699234316426504
-0.044898928085655654
-0.1020551303074547
-0.10298774899172647
-0.07767381327577817
-0.05076110267250683
-0.002797856052815337
0.016520673835671518
-0.022249617181912446
-0.041834609551619814
-0.025047473234727783
-0.11684379801519292
-0.19838131726866845
-0.06661562030512709
-0.09579326199877274
0.0018652373685435584
-0.03703828488965066
-0.14069219008442838
-0.14708728963372059
-0.09539356827694198
0.0752756509447936
0.03930321598002497
0.07714088831333717
-0.057822358424850305
-0.12630321609852094
-0.2110382851266426
-0.08446860654690114
-0.05595712105630675
-0.09352833090839843
-0.11431240444359807
-0.11364624824054681
-0.06488361417719378
0.06368453301170149
0.031042879062189218
0.08180398173469605
-0.005995405827461438
-0.09139663105863435
-0.10631853000698281
-0.0543583461689837
0.009059724361497283
-0.0877993875621575
-0.18479173072642255
-0.21170444132969385
-0.1805283310268944
-0.16733843820647926
-0.06022052075583488
0.016653905076281773
0.08913169996826004
-0.049428790266404295
-0.06128637068071692
-0.032108728987071254
-0.010791730489430587
-0.09805819308914705
-0.11178101087200323
-0.15215007677691025
-0.16760490068769973
-0.21436906614189893
-0.06155283316193742
0.05169372135677862
0.037837672333312186
0.016520673835671518
-0.07007963256099368
-0.0909969373368036
-0.13069984703865933
-0.05515773361264523
0.024914241994117528
-0.0369050536490404
-0.14748698335555135
-0.09872434929219834
-0.1215068914365518
-0.007727411955394742
-0.08207044421591657
-0.09019754989314206
0.06448392045536301
-0.022516079663132953
-0.02531393571594829
-0.0604869832370554
-0.04316692195772235
-0.10218836154806493
-0.1259035223766902
-0.16294180726634083
-0.14069219008442838
-0.15108422685202821
-0.0912633998180241
-0.011457886692481857
0.04236753451406082
0.11657733553397238
0.046098009251147945
-0.07341041357625004
-0.07261102613258852
-0.05995405827461438
-0.007061255752343471
-0.0019984686091538122
-0.08739969384032674
-0.16587289455976642
-0.17626493132736626
-0.1247044412111979
-0.12830168470767475
-0.06728177650817835
0.06501684541780403
0.029310872934255914
-0.08193721297530632
-0.04809647786030175
0.005595712105630674
-0.049961715228845315
-0.05182695259738887
-0.046098009251147945
-0.1938514550879198
-0.2147687598637297
-0.0912633998180241
0.08393568158446013
0.08766615632154724
-0.00013323124061025415
-0.045032159326265905
-0.1866569680949661
-0.0927289434647369
0.05156049011616837
0.027045941843881597
-0.044232771882604376
-0.21796630963837582
-0.15068453313019745
-0.12577029113607993
-0.05382542120654268
-0.059287902071563106
0.008393568158446012
0.08713323135910622
-0.06141960192132717
-0.027712098046932865
-0.01692036755750228
0.004263399699528133
-0.0912633998180241
-0.12430474748936714
-0.19465084253158133
-0.24514548272286768
-0.1444226648215155
-0.059287902071563106
0.05329249624410167
0.0961929557206035
-0.0037304747370871167
-0.06728177650817835
-0.13336447185086442
-0.046098009251147945
0.0035972434964768626
0.013589586542245924
-0.03983614094246599
-0.13642879038490024
-0.3037672285913795
-0.11764318545885442
-0.143623277377854
0.0834027566220191
-0.020650842294589397
-0.020517611053979142
-0.017719755001163805
-0.11031546722529045
-0.06435068921475276
0.03384073511500456
0.05529096485325548
-0.0575558959436298
-0.1935849926066993
-0.3068315471254154
-0.14162480876870018
