-0.0009326186842717792
-0.0011990811654922875
-0.0011990811654922875
-0.000799387443661525
-0.0009326186842717792
-0.000799387443661525
-0.0011990811654922875
-0.0010658499248820332
-0.0005329249624410166
-0.0010658499248820332
-0.000799387443661525
-0.0011990811654922875
-0.000799387443661525
-0.000799387443661525
-0.0009326186842717792
-0.000799387443661525
-0.0013323124061025418
-0.0011990811654922875
-0.0011990811654922875
-0.0010658499248820332
-0.0006661562030512709
-0.0010658499248820332
-0.000799387443661525
-0.0011990811654922875
-0.0006661562030512709
-0.000799387443661525
-0.0011990811654922875
-0.0011990811654922875
-0.0010658499248820332
-0.0009326186842717792
-0.0011990811654922875
-0.0006661562030512709
-0.0009326186842717792
-0.000799387443661525
-0.0011990811654922875
-0.0009326186842717792
-0.0013323124061025418
-0.0010658499248820332
-0.0011990811654922875
-0.0009326186842717792
-0.0010658499248820332
-0.0013323124061025418
-0.000799387443661525
-0.0013323124061025418
-0.0003996937218307625
-0.0009326186842717792
-0.0009326186842717792
-0.0011990811654922875
-0.0011990811654922875
-0.000799387443661525
-0.0010658499248820332
-0.0013323124061025418
-0.0011990811654922875
-0.0013323124061025418
-0.0010658499248820332
-0.0010658499248820332
-0.000799387443661525
-0.000799387443661525
-0.0009326186842717792
-0.0011990811654922875
-0.0009326186842717792
-0.0011990811654922875
-0.0010658499248820332
-0.0009326186842717792
-0.000799387443661525
-0.000799387443661525
-0.0009326186842717792
-0.0009326186842717792
-0.0014655436467127959
-0.0006661562030512709
-0.0009326186842717792
-0.0014655436467127959
-0.0010658499248820332
-0.0010658499248820332
-0.0009326186842717792
-0.000799387443661525
-0.000799387443661525
-0.0009326186842717792
-0.0011990811654922875
-0.000799387443661525
-0.0011990811654922875
-0.0011990811654922875
-0.0006661562030512709
-0.0009326186842717792
-0.0013323124061025418
-0.0010658499248820332
-0.0010658499248820332
-0.0009326186842717792
-0.000799387443661525
-0.0009326186842717792
-0.000799387443661525
-0.000799387443661525
-0.0009326186842717792
-0.0010658499248820332
-0.0009326186842717792
-0.0013323124061025418
-0.0009326186842717792
-0.000799387443661525
-0.0009326186842717792
-0.0014655436467127959
-0.000799387443661525
-0.000799387443661525
-0.0010658499248820332
-0.0005329249624410166
-0.0010658499248820332
-0.0010658499248820332
-0.0011990811654922875
-0.000799387443661525
-0.0013323124061025418
-0.0013323124061025418
-0.000799387443661525
-0.0010658499248820332
-0.0010658499248820332
-0.0010658499248820332
-0.0011990811654922875
-0.0005329249624410166
-0.000799387443661525
-0.0010658499248820332
-0.0013323124061025418
-0.000799387443661525
-0.0010658499248820332
-0.0010658499248820332
-0.0014655436467127959
-0.0009326186842717792
-0.0009326186842717792
-0.0011990811654922875
-0.000799387443661525
-0.0010658499248820332
-0.0009326186842717792
-0.0010658499248820332
-0.0005329249624410166
-0.0009326186842717792
-0.000799387443661525
-0.0006661562030512709
-0.0009326186842717792
-0.0010658499248820332
-0.000799387443661525
-0.0006661562030512709
-0.0010658499248820332
-0.0014655436467127959
-0.000799387443661525
-0.0010658499248820332
-0.0011990811654922875
-0.0009326186842717792
-0.0010658499248820332
-0.0009326186842717792
-0.0009326186842717792
-0.0010658499248820332
-0.0003996937218307625
-0.0010658499248820332
-0.0009326186842717792
-0.0010658499248820332
-0.0009326186842717792
-0.0011990811654922875
-0.0010658499248820332
-0.0014655436467127959
-0.0010658499248820332
-0.0006661562030512709
-0.0009326186842717792
-0.0010658499248820332
-0.0010658499248820332
-0.0005329249624410166
-0.000799387443661525
-0.00159877488732305
-0.0009326186842717792
-0.0006661562030512709
-0.000799387443661525
-0.0009326186842717792
-0.0014655436467127959
-0.0009326186842717792
-0.000799387443661525
-0.000799387443661525
-0.0010658499248820332
-0.0009326186842717792
-0.0011990811654922875
-0.0010658499248820332
-0.0011990811654922875
-0.0009326186842717792
-0.0010658499248820332
-0.0010658499248820332
-0.0010658499248820332
-0.0010658499248820332
-0.0011990811654922875
-0.0013323124061025418
-0.0009326186842717792
-0.0009326186842717792
-0.000799387443661525
-0.000799387443661525
-0.0010658499248820332
-0.0010658499248820332
-0.0010658499248820332
-0.0013323124061025418
-0.0011990811654922875
-0.000799387443661525
-0.0010658499248820332
-0.000799387443661525
-0.0013323124061025418
-0.0011990811654922875
-0.0006661562030512709
-0.0010658499248820332
-0.0005329249624410166
-0.0009326186842717792
-0.0010658499248820332
-0.0010658499248820332
-0.0013323124061025418
-0.0006661562030512709
-0.000799387443661525
-0.0009326186842717792
-0.0011990811654922875
-0.0006661562030512709
-0.0011990811654922875
-0.0006661562030512709
-0.0011990811654922875
-0.000799387443661525
-0.0010658499248820332
-0.000799387443661525
-0.0011990811654922875
-0.0009326186842717792
-0.0013323124061025418
-0.0011990811654922875
-0.0014655436467127959
-0.0009326186842717792
-0.0010658499248820332
-0.000799387443661525
-0.0006661562030512709
-0.0009326186842717792
-0.0009326186842717792
-0.0011990811654922875
-0.0010658499248820332
-0.0006661562030512709
-0.0010658499248820332
-0.0009326186842717792
-0.0010658499248820332
-0.0011990811654922875
-0.0005329249624410166
-0.0010658499248820332
-0.0003996937218307625
-0.0010658499248820332
-0.0011990811654922875
-0.000799387443661525
-0.0009326186842717792
-0.0006661562030512709
-0.0009326186842717792
-0.000799387443661525
-0.0013323124061025418
-0.000799387443661525
-0.0011990811654922875
-0.0006661562030512709
-0.000799387443661525
-0.0010658499248820332
-0.0014655436467127959
-0.0009326186842717792
-0.0009326186842717792
-0.000799387443661525
-0.000799387443661525
-0.000799387443661525
-0.0010658499248820332
-0.0009326186842717792
-0.0011990811654922875
-0.0009326186842717792
-0.0009326186842717792
-0.0011990811654922875
-0.0005329249624410166
-0.0010658499248820332
-0.000799387443661525
-0.0013323124061025418
-0.0011990811654922875
-0.0009326186842717792
-0.000799387443661525
-0.0010658499248820332
-0.0006661562030512709
-0.0010658499248820332
-0.0009326186842717792
-0.0011990811654922875
-0.0006661562030512709
-0.0013323124061025418
-0.0005329249624410166
-0.0010658499248820332
-0.0011990811654922875
-0.0009326186842717792
-0.0010658499248820332
-0.0010658499248820332
-0.0011990811654922875
-0.0006661562030512709
-0.00159877488732305
-0.0009326186842717792
-0.0010658499248820332
-0.0010658499248820332
-0.000799387443661525
-0.0009326186842717792
-0.0010658499248820332
-0.0005329249624410166
-0.0006661562030512709
-0.0011990811654922875
-0.0005329249624410166
-0.000799387443661525
-0.0009326186842717792
-0.0009326186842717792
-0.000799387443661525
-0.0011990811654922875
-0.0010658499248820332
-0.0011990811654922875
-0.0009326186842717792
-0.0014655436467127959
-0.0009326186842717792
-0.0011990811654922875
-0.0010658499248820332
-0.0011990811654922875
-0.0010658499248820332
-0.0011990811654922875
-0.0009326186842717792
-0.0010658499248820332
-0.0011990811654922875
-0.0011990811654922875
-0.000799387443661525
-0.0010658499248820332
-0.000799387443661525
-0.0010658499248820332
-0.0009326186842717792
-0.0009326186842717792
-0.0011990811654922875
-0.0010658499248820332
-0.0009326186842717792
-0.0006661562030512709
-0.000799387443661525
-0.0011990811654922875
-0.0013323124061025418
-0.0009326186842717792
-0.0010658499248820332
-0.0011990811654922875
-0.000799387443661525
-0.000799387443661525
-0.0010658499248820332
-0.0010658499248820332
-0.000799387443661525
-0.0010658499248820332
-0.0009326186842717792
-0.0009326186842717792
-0.0010658499248820332
-0.0013323124061025418
-0.0010658499248820332
-0.000799387443661525
-0.0009326186842717792
-0.0009326186842717792
-0.0010658499248820332
-0.0011990811654922875
-0.0009326186842717792
-0.0009326186842717792
-0.0013323124061025418
-0.0011990811654922875
-0.0003996937218307625
-0.0010658499248820332
-0.0009326186842717792
-0.000799387443661525
-0.0013323124061025418
-0.0013323124061025418
-0.0013323124061025418
-0.000799387443661525
-0.000799387443661525
-0.0010658499248820332
-0.0009326186842717792
-0.000799387443661525
-0.0011990811654922875
-0.0011990811654922875
-0.000799387443661525
-0.000799387443661525
-0.0010658499248820332
-0.0011990811654922875
-0.0009326186842717792
-0.0013323124061025418
-0.0009326186842717792
-0.0013323124061025418
-0.0009326186842717792
-0.000799387443661525
-0.0010658499248820332
-0.0010658499248820332
-0.0009326186842717792
-0.0005329249624410166
-0.0010658499248820332
-0.000799387443661525
-0.0011990811654922875
-0.0010658499248820332
-0.000799387443661525
-0.000799387443661525
-0.0009326186842717792
-0.000799387443661525
-0.0011990811654922875
-0.0006661562030512709
-0.0013323124061025418
-0.0010658499248820332
-0.0010658499248820332
-0.000799387443661525
-0.0009326186842717792
-0.000799387443661525
-0.0011990811654922875
-0.000799387443661525
-0.000799387443661525
-0.0014655436467127959
-0.0010658499248820332
-0.000799387443661525
-0.0009326186842717792
-0.0009326186842717792
-0.0009326186842717792
-0.0013323124061025418
-0.0009326186842717792
-0.0011990811654922875
-0.000799387443661525
-0.000799387443661525
-0.0011990811654922875
-0.0002664624812205083
-0.0010658499248820332
-0.0003996937218307625
-0.0010658499248820332
-0.00159877488732305
-0.000799387443661525
-0.0014655436467127959
-0.0011990811654922875
-0.0009326186842717792
-0.0011990811654922875
-0.0006661562030512709
-0.0013323124061025418
-0.0013323124061025418
-0.0006661562030512709
-0.0005329249624410166
-0.0010658499248820332
-0.0009326186842717792
-0.0011990811654922875
-0.0011990811654922875
-0.0009326186842717792
-0.0011990811654922875
-0.0009326186842717792
-0.0011990811654922875
-0.0011990811654922875
-0.0010658499248820332
-0.0010658499248820332
-0.0009326186842717792
-0.0010658499248820332
-0.0014655436467127959
-0.0011990811654922875
-0.0013323124061025418
-0.0009326186842717792
-0.0011990811654922875
-0.000799387443661525
-0.000799387443661525
-0.0014655436467127959
-0.000799387443661525
-0.0011990811654922875
-0.0013323124061025418
-0.0011990811654922875
-0.0011990811654922875
-0.0013323124061025418
-0.0009326186842717792
-0.0009326186842717792
-0.0009326186842717792
-0.000799387443661525
-0.0014655436467127959
-0.0006661562030512709
-0.0009326186842717792
-0.000799387443661525
-0.0009326186842717792
-0.0009326186842717792
-0.0009326186842717792
-0.000799387443661525
-0.0010658499248820332
-0.000799387443661525
-0.0010658499248820332
-0.0006661562030512709
-0.0009326186842717792
-0.0011990811654922875
-0.0006661562030512709
-0.0010658499248820332
-0.0013323124061025418
-0.0009326186842717792
-0.0006661562030512709
-0.0011990811654922875
-0.0003996937218307625
-0.0010658499248820332
-0.0011990811654922875
-0.000799387443661525
-0.0011990811654922875
-0.0009326186842717792
-0.0009326186842717792
-0.0010658499248820332
-0.0010658499248820332
-0.0009326186842717792
-0.000799387443661525
-0.0010658499248820332
-0.0013323124061025418
-0.0010658499248820332
-0.0009326186842717792
-0.0011990811654922875
-0.0010658499248820332
-0.000799387443661525
-0.0005329249624410166
-0.0009326186842717792
-0.0005329249624410166
-0.0009326186842717792
-0.0009326186842717792
-0.0013323124061025418
-0.0011990811654922875
