0
0
0.890117883682251
1.3439035415649414
1.27409029006958
1.2566370964050293
1.326450228691101
1.2566370964050293
1.27409029006958
1.2915436029434204
1.2915436029434204
1.2915436029434204
1.2566370964050293
1.2566370964050293
1.2566370964050293
1.2566370964050293
1.2566370964050293
1.2915436029434204
1.2915436029434204
1.2915436029434204
1.2915436029434204
1.326450228691101
1.2915436029434204
1.2915436029434204
1.2915436029434204
1.2566370964050293
1.2566370964050293
1.2915436029434204
1.2915436029434204
1.326450228691101
1.2915436029434204
1.2915436029434204
1.239183783531189
1.2915436029434204
1.2915436029434204
1.2915436029434204
1.2915436029434204
1.27409029006958
1.3089969158172607
1.2566370964050293
1.2566370964050293
1.27409029006958
1.27409029006958
1.2566370964050293
1.2915436029434204
1.2915436029434204
1.2915436029434204
1.2915436029434204
1.3089969158172607
1.2915436029434204
1.2915436029434204
1.27409029006958
1.2915436029434204
1.2915436029434204
1.326450228691101
1.2915436029434204
1.3089969158172607
1.27409029006958
1.27409029006958
1.3089969158172607
1.3089969158172607
1.2915436029434204
1.2915436029434204
1.27409029006958
1.2915436029434204
1.2915436029434204
1.2566370964050293
1.2566370964050293
1.2566370964050293
1.2566370964050293
1.27409029006958
1.3089969158172607
1.2566370964050293
1.3089969158172607
1.3089969158172607
1.2566370964050293
1.27409029006958
1.3089969158172607
1.2566370964050293
1.2915436029434204
1.2915436029434204
1.27409029006958
1.3089969158172607
1.2915436029434204
1.27409029006958
1.2915436029434204
1.2566370964050293
1.27409029006958
1.27409029006958
1.27409029006958
1.27409029006958
1.27409029006958
1.27409029006958
1.2915436029434204
1.2566370964050293
1.27409029006958
1.2915436029434204
1.3089969158172607
1.2915436029434204
1.326450228691101
