1.811981201171875e-05
0.005684375762939453
0.011214017868041992
0.016735553741455078
0.022253990173339844
0.027774333953857422
0.03328847885131836
0.038806915283203125
0.04432082176208496
0.04983806610107422
0.055353403091430664
0.060926198959350586
0.06620454788208008
0.07149958610534668
0.07677745819091797
0.08205437660217285
0.08733010292053223
0.0926053524017334
0.09788012504577637
0.10315465927124023
0.1084287166595459
0.11370348930358887
0.11897802352905273
0.1242520809173584
0.12952899932861328
0.13480567932128906
0.14008283615112305
0.14536213874816895
0.15063738822937012
0.15591192245483398
0.1613149642944336
0.1667492389678955
0.17217469215393066
0.17760300636291504
0.1830301284790039
0.1884603500366211
0.19388532638549805
0.19932031631469727
0.20474886894226074
0.21018218994140625
0.21561384201049805
0.2210392951965332
0.2265026569366455
0.23192930221557617
0.23738336563110352
0.24280929565429688
0.24823713302612305
0.25366735458374023
0.2591269016265869
0.26458001136779785
0.27000999450683594
0.27544140815734863
0.28087449073791504
0.28630852699279785
0.2917361259460449
0.29716968536376953
0.3025963306427002
0.3080310821533203
0.3134589195251465
0.3188943862915039
0.3243215084075928
0.32975339889526367
0.33518362045288086
0.34061717987060547
0.3460524082183838
0.35148072242736816
0.35693788528442383
0.3623929023742676
0.3678262233734131
0.3732566833496094
0.3786892890930176
0.38411378860473633
0.3895449638366699
0.3949704170227051
0.400402307510376
0.40583324432373047
0.41126036643981934
0.41669440269470215
0.4221231937408447
0.42755937576293945
0.43298864364624023
0.43842339515686035
0.44385194778442383
0.44928503036499023
0.4547102451324463
0.46013379096984863
0.4656412601470947
0.471083402633667
0.476531982421875
0.48197197914123535
0.48741865158081055
0.4928572177886963
0.49830198287963867
0.5037415027618408
0.5091855525970459
0.514625072479248
0.5200974941253662
0.5255377292633057
0.5309770107269287
0.536421537399292
0.5418612957000732
0.5473062992095947
0.5527431964874268
0.5581820011138916
0.5636434555053711
0.5690534114837646
0.5744385719299316
0.5798678398132324
0.5852968692779541
0.5907268524169922
0.5961575508117676
0.601586103439331
0.6070210933685303
0.612452507019043
0.6178891658782959
0.6233181953430176
0.6287517547607422
0.6341791152954102
0.6396360397338867
0.645064115524292
0.6505179405212402
0.6559524536132812
0.6614024639129639
0.6668660640716553
0.6722989082336426
0.677736759185791
0.6831681728363037
0.688605546951294
0.694035530090332
0.6994714736938477
0.7049002647399902
0.7103352546691895
0.7157697677612305
0.7211990356445312
0.7266345024108887
0.7320637702941895
0.7374975681304932
0.7429251670837402
0.748359203338623
0.7537858486175537
0.759223461151123
0.7646768093109131
0.7701117992401123
0.7755446434020996
0.7809762954711914
0.7864096164703369
0.7918388843536377
0.7972755432128906
0.8027071952819824
0.808142900466919
0.8135695457458496
0.8190028667449951
0.8244311809539795
0.8298661708831787
0.8352973461151123
0.8407282829284668
0.8461625576019287
0.851593017578125
0.857048749923706
0.8624775409698486
0.8679337501525879
0.8733611106872559
0.8787953853607178
0.884223461151123
0.889655351638794
0.8951592445373535
0.9005918502807617
0.9060494899749756
0.9114830493927002
0.9169397354125977
0.9223732948303223
0.9278309345245361
0.9332606792449951
0.9386954307556152
0.9441277980804443
0.9495670795440674
0.9549992084503174
0.9604353904724121
0.9658968448638916
0.971327543258667
0.9767639636993408
0.9821972846984863
0.9876337051391602
0.9930675029754639
0.9985067844390869
1.003937005996704
1.010200023651123
1.0163664817810059
1.0225231647491455
1.028676986694336
1.0348215103149414
1.0409719944000244
1.0471231937408447
1.0532667636871338
1.0594053268432617
1.0656909942626953
1.0718519687652588
1.0780036449432373
1.084146499633789
1.0902960300445557
1.0964431762695312
1.1025865077972412
1.1087331771850586
1.1148760318756104
1.1210224628448486
1.127164602279663
1.1333038806915283
1.1394507884979248
1.1455960273742676
1.1517345905303955
1.1578783988952637
1.1640183925628662
1.170186996459961
1.1763341426849365
1.1824743747711182
1.1886186599731445
1.1947569847106934
1.2009038925170898
1.207050085067749
1.2131891250610352
1.2193377017974854
1.225480556488037
1.2316217422485352
1.2377657890319824
1.243905782699585
1.2500910758972168
1.256239652633667
1.262380838394165
1.2685551643371582
1.274698257446289
1.28084397315979
1.2870252132415771
1.2931668758392334
1.2993156909942627
1.3054592609405518
1.31160306930542
1.317751169204712
1.3238928318023682
1.3300364017486572
1.3361866474151611
1.3423259258270264
1.348470687866211
1.3546075820922852
1.360748529434204
1.3669211864471436
1.373063564300537
1.37921142578125
1.3853554725646973
1.3914990425109863
1.3976380825042725
1.403780460357666
1.409925937652588
1.4160723686218262
1.4222123622894287
1.4283573627471924
1.434497594833374
1.440640926361084
1.4467871189117432
1.4529273509979248
1.4590723514556885
1.4652152061462402
1.4713835716247559
1.4775280952453613
1.483666181564331
1.4898054599761963
1.495948076248169
1.5020854473114014
1.5082519054412842
1.514392614364624
1.520538091659546
1.526681900024414
1.5328238010406494
1.538968563079834
1.54514741897583
1.5512890815734863
1.55743408203125
1.5635745525360107
1.5697448253631592
1.5758891105651855
1.5820257663726807
1.588167428970337
1.5943048000335693
1.6004486083984375
1.6065824031829834
1.61857008934021
1.6249289512634277
1.631188154220581
1.6373565196990967
1.6435108184814453
1.649667501449585
1.65582275390625
1.6619694232940674
1.6681511402130127
1.674299955368042
1.6804485321044922
1.6865971088409424
1.6927375793457031
1.6988811492919922
1.7050225734710693
1.7112007141113281
1.717345952987671
1.7234866619110107
1.729630708694458
1.7358067035675049
1.7419495582580566
1.7480971813201904
1.7542376518249512
1.760380744934082
1.7665255069732666
1.7726905345916748
1.778832197189331
1.7849676609039307
1.7911064624786377
1.797250509262085
1.8033866882324219
1.8095293045043945
1.8156709671020508
1.8218045234680176
1.8279423713684082
1.8340792655944824
1.8402202129364014
1.846362829208374
1.8525002002716064
1.8586421012878418
1.8647770881652832
1.8709423542022705
1.877082109451294
1.8832168579101562
1.8893589973449707
1.8954951763153076
1.901634931564331
1.907773733139038
1.913912296295166
1.9200809001922607
1.926224946975708
1.9323618412017822
1.938504934310913
1.9446403980255127
1.9507803916931152
1.956967830657959
1.963108777999878
1.9692535400390625
1.9754197597503662
1.9815611839294434
1.9877028465270996
1.9938421249389648
1.9999842643737793
2.006126880645752
2.0122628211975098
2.018402338027954
2.0245401859283447
2.030681848526001
2.0368220806121826
2.0429558753967285
2.049097776412964
2.0552351474761963
2.0613739490509033
2.067514181137085
2.0736749172210693
2.0798168182373047
2.0859601497650146
2.092097520828247
2.0982329845428467
2.1044633388519287
2.110630512237549
2.1167805194854736
2.1229190826416016
2.12906551361084
2.135209083557129
2.1413512229919434
2.147495985031128
2.153632164001465
2.159773826599121
2.1659159660339355
2.1720802783966064
2.1782262325286865
2.184391498565674
2.1905393600463867
2.196685314178467
2.2028260231018066
2.2089712619781494
2.21515154838562
2.2212910652160645
2.2274346351623535
2.2335751056671143
2.239715576171875
2.2458572387695312
2.251993417739868
2.25813364982605
2.264272928237915
2.270416736602783
2.276587724685669
2.282728672027588
2.2888715267181396
2.2950100898742676
2.3011810779571533
2.3073248863220215
2.313464641571045
2.3196330070495605
2.3257811069488525
2.331918954849243
2.338060140609741
2.344198703765869
2.350343942642212
2.356485366821289
2.3626270294189453
2.368771553039551
2.374937057495117
2.38108229637146
2.3872270584106445
2.393362045288086
2.3995063304901123
2.4056754112243652
2.411816120147705
2.4179563522338867
2.4240942001342773
2.430239200592041
2.4363832473754883
2.4425201416015625
2.4486632347106934
2.4548017978668213
2.4609475135803223
2.467090129852295
2.473255157470703
2.479396343231201
2.48553466796875
2.4916718006134033
2.4978442192077637
2.5039827823638916
2.5101232528686523
2.516263723373413
2.522399425506592
2.528538942337036
2.534672260284424
2.5408151149749756
2.5469577312469482
2.5530917644500732
2.5592339038848877
2.5653738975524902
2.5715107917785645
2.577676296234131
2.5838141441345215
2.5899558067321777
2.5960946083068848
2.6022298336029053
2.608370542526245
2.614506721496582
2.6206483840942383
2.6268131732940674
2.632951498031616
2.6390938758850098
2.645232915878296
2.651372194290161
2.657510280609131
2.6636459827423096
2.6697874069213867
2.6759307384490967
2.6820669174194336
2.688204050064087
2.6943399906158447
2.7004806995391846
2.7066214084625244
2.7127583026885986
2.7189016342163086
2.7250397205352783
2.7312116622924805
2.737348794937134
2.743485927581787
2.7496232986450195
2.755763053894043
2.7619006633758545
2.768042802810669
2.774200439453125
2.7803409099578857
2.786503553390503
2.7926406860351562
2.7987842559814453
2.804922342300415
2.8110644817352295
2.8172075748443604
2.8233447074890137
2.8294870853424072
2.8356285095214844
2.8417651653289795
2.847943067550659
2.854081392288208
2.8602242469787598
2.866363525390625
2.8725037574768066
2.8786730766296387
2.884812355041504
2.8909547328948975
2.8970956802368164
2.9032351970672607
2.909381151199341
2.9155237674713135
2.921666145324707
2.9278364181518555
2.9339749813079834
2.9401190280914307
2.946263074874878
2.952401638031006
2.9585461616516113
2.9646847248077393
2.9708285331726074
2.976999521255493
2.9831416606903076
2.9892873764038086
2.9954288005828857
3.001570463180542
3.0077149868011475
3.0138533115386963
3.019993543624878
3.026136636734009
3.0322718620300293
3.038414239883423
3.0445523262023926
3.0506927967071533
3.0568346977233887
3.0629734992980957
3.0691187381744385
3.0753087997436523
3.081453561782837
3.0875980854034424
3.093738555908203
3.09987473487854
3.106048107147217
3.1122024059295654
3.118356704711914
3.1245057582855225
3.1306586265563965
3.1368119716644287
3.1429572105407715
3.149108409881592
3.155259609222412
3.1614115238189697
3.1675655841827393
3.173710823059082
3.1798880100250244
3.1860451698303223
3.192190647125244
3.1983413696289062
3.204488515853882
3.2106430530548096
3.2167978286743164
3.2229461669921875
3.2290995121002197
3.2352466583251953
3.2413949966430664
3.2475452423095703
3.253694534301758
3.259847402572632
3.266000747680664
3.272148847579956
3.2783288955688477
3.284475564956665
3.2906274795532227
3.2967987060546875
3.3029541969299316
3.309108257293701
3.315260648727417
3.3214118480682373
3.3275668621063232
3.333714485168457
3.3398685455322266
3.3460497856140137
3.352199077606201
3.3583531379699707
3.3645005226135254
3.370651960372925
3.376804828643799
3.382950782775879
3.389103412628174
3.395256280899048
3.4014055728912354
3.407557249069214
3.4137020111083984
3.4198548793792725
3.4260032176971436
3.4321513175964355
3.4383060932159424
3.444455146789551
3.4506099224090576
3.4567646980285645
3.4629123210906982
3.469064235687256
3.4752111434936523
3.4813849925994873
3.4875380992889404
3.493685722351074
3.4998409748077393
3.505995273590088
3.5121448040008545
3.5183215141296387
3.524470329284668
3.5306246280670166
3.536777973175049
3.5429229736328125
3.5490756034851074
3.5552237033843994
3.5613741874694824
3.5675251483917236
3.573671817779541
3.5798468589782715
3.586000442504883
3.5921475887298584
3.598297357559204
3.6044440269470215
3.6105968952178955
3.616746664047241
3.622894763946533
3.629047393798828
3.6351964473724365
3.6413445472717285
3.647493839263916
3.653637409210205
3.659789562225342
3.665943145751953
3.672093629837036
3.678246021270752
3.6844160556793213
3.6905713081359863
3.696720838546753
3.7028701305389404
3.7090227603912354
3.7151708602905273
3.721320867538452
3.727473020553589
3.73361873626709
3.7397711277008057
3.745945930480957
3.7520930767059326
3.758247137069702
3.7643954753875732
3.7705495357513428
3.776702880859375
3.7828760147094727
3.789029836654663
3.7951793670654297
3.8013267517089844
3.8074800968170166
3.8136281967163086
3.8197786808013916
3.825930595397949
3.8320796489715576
3.838230848312378
3.84437894821167
3.8505618572235107
3.856717824935913
3.8628671169281006
3.8690226078033447
3.875171661376953
3.8813462257385254
3.8874995708465576
3.893648624420166
3.899803400039673
3.905954599380493
3.9120991230010986
3.918246030807495
3.9243967533111572
3.9305505752563477
3.936703681945801
3.9428529739379883
3.9490013122558594
3.9551541805267334
3.9612998962402344
3.9674742221832275
3.9736249446868896
3.9797756671905518
3.9859516620635986
3.9920966625213623
3.9982500076293945
4.004400014877319
4.010551929473877
4.01670503616333
4.02285361289978
4.029007434844971
4.035157203674316
4.0413055419921875
4.047459363937378
4.053609371185303
4.0597615242004395
4.065913677215576
4.072063207626343
4.078214645385742
4.084386348724365
4.090563535690308
4.09671950340271
4.10286808013916
4.10902214050293
4.115173101425171
4.121325731277466
4.12747859954834
4.133626699447632
4.139780044555664
4.145931720733643
4.152078866958618
4.158230543136597
4.164377450942993
4.1705522537231445
4.176704168319702
4.18287467956543
4.189052581787109
4.1952064037323
4.201358079910278
4.207512855529785
4.213662147521973
4.219813823699951
4.22596287727356
4.23210883140564
4.238255500793457
4.244400501251221
4.250553131103516
4.2567057609558105
4.262852668762207
4.26900577545166
4.275157690048218
4.281306505203247
4.287487268447876
4.293637990951538
4.299792051315308
4.305943489074707
4.312089443206787
4.318241834640503
4.324391603469849
4.330567121505737
4.336721181869507
4.342869520187378
4.349021673202515
4.355173826217651
4.36132550239563
4.3674774169921875
4.373626232147217
4.379777908325195
4.385956287384033
4.392102241516113
4.398252248764038
4.404401540756226
4.410581111907959
4.416738748550415
4.422888994216919
4.429045677185059
4.435199499130249
4.44135046005249
4.447504758834839
4.453651189804077
4.459798336029053
4.4659507274627686
4.472095966339111
4.478247880935669
4.484421491622925
4.490575790405273
4.49673056602478
4.502878904342651
4.509032487869263
4.515182018280029
4.521334648132324
4.527489185333252
4.533635854721069
4.539788007736206
4.54593825340271
4.552082300186157
4.558229446411133
4.564377307891846
4.570603847503662
4.576755046844482
4.582904100418091
4.589082479476929
4.595234155654907
4.601385831832886
4.607541799545288
4.613690137863159
4.619842290878296
4.62599515914917
4.632142782211304
4.638326644897461
4.644476652145386
4.650631427764893
4.65678334236145
4.6629319190979
4.669084548950195
4.675236463546753
4.681387901306152
4.6875693798065186
4.693718671798706
4.699871301651001
4.7060487270355225
4.7121968269348145
4.718350410461426
4.72449803352356
4.730649709701538
4.736796617507935
4.742941856384277
4.749095439910889
4.7552454471588135
4.761398077011108
4.767553806304932
4.7737016677856445
4.779854774475098
4.786003828048706
4.7921507358551025
4.798307657241821
4.804458141326904
4.810612678527832
4.81676459312439
4.8229124546051025
4.829068660736084
4.835217714309692
4.841368198394775
4.8475236892700195
4.853671312332153
4.859843730926514
4.866000413894653
4.872149705886841
4.878303527832031
4.884452819824219
4.890630722045898
4.896784782409668
4.902930974960327
4.90908408164978
4.915237188339233
4.92138671875
4.927539348602295
4.933686256408691
4.939838647842407
4.9459922313690186
4.9521400928497314
4.958293199539185
4.964442729949951
4.970597505569458
4.97674822807312
4.982895851135254
4.98907470703125
4.995226144790649
5.001379489898682
